R
0.7
2.8
HV
15
15
1 1 1 1 1 1 1 1 1 1 1 1 1 1 1 
1 1 1 1 1 1 1 1 1 1 1 1 1 1 1 
1 1 1 1 1 1 1 1 1 1 1 1 1 1 1 
1 1 1 1 1 1 1 1 1 1 1 1 1 1 1 
1 1 1 1 1 1 1 1 1 1 1 1 1 1 1 
1 1 1 1 1 1 1 1 1 1 1 1 1 1 1 
1 1 1 1 1 1 1 1 1 1 1 1 1 1 1 
1 1 1 1 1 1 1 1 1 1 1 1 1 1 1 
1 1 1 1 1 1 1 1 1 1 1 1 1 1 1 
1 1 1 1 1 1 1 1 1 1 1 1 1 1 1 
1 1 1 1 1 1 1 1 1 1 1 1 1 1 1 
1 1 1 1 1 1 1 1 1 1 1 1 1 1 1 
1 1 1 1 1 1 1 1 1 1 1 1 1 1 1 
1 1 1 1 1 1 1 1 1 1 1 1 1 1 1 
1 1 1 1 1 1 1 1 1 1 1 1 1 1 1 
plexiglasswalls
1.75 0.35	1.75 3.15
1.75 3.85	1.75 6.65
1.75 7.35	1.75 10.15
3.50 0.35	3.50 3.15
3.50 3.85	3.50 6.65
3.50 7.35	3.50 10.15
5.25 0.35	5.25 3.15
5.25 3.85	5.25 6.65
5.25 7.35	5.25 10.15
7.00 0.35	7.00 3.15
7.00 3.85	7.00 6.65
7.00 7.35	7.00 10.15
8.75 0.35	8.75 3.15
8.75 3.85	8.75 6.65
8.75 7.35	8.75 10.15
endplex
boundarywalls
endbound
