R
0.7
2.0999999999999996
HV
15
15
1 1 1 1 1 1 1 1 1 1 1 1 1 1 1 
1 1 1 1 1 1 1 1 1 1 1 1 1 1 1 
1 1 1 1 1 1 1 1 1 1 1 1 1 1 1 
1 1 1 1 1 1 1 1 1 1 1 1 1 1 1 
1 1 1 1 1 1 1 1 1 1 1 1 1 1 1 
1 1 1 1 1 1 1 1 1 1 1 1 1 1 1 
1 1 1 1 1 1 1 1 1 1 1 1 1 1 1 
1 1 1 1 1 1 1 1 1 1 1 1 1 1 1 
1 1 1 1 1 1 1 1 1 1 1 1 1 1 1 
1 1 1 1 1 1 1 1 1 1 1 1 1 1 1 
1 1 1 1 1 1 1 1 1 1 1 1 1 1 1 
1 1 1 1 1 1 1 1 1 1 1 1 1 1 1 
1 1 1 1 1 1 1 1 1 1 1 1 1 1 1 
1 1 1 1 1 1 1 1 1 1 1 1 1 1 1 
1 1 1 1 1 1 1 1 1 1 1 1 1 1 1 
plexiglasswalls
5.25 7.35	5.25 9.45
7.35 6.65	9.45 6.65
1.75 6.65	1.75 4.55
3.85 7.35	3.85 5.25
6.65 5.25	4.55 5.25
9.45 1.05	7.35 1.05
5.95 3.15	8.05 3.15
1.05 8.05	1.05 5.95
9.45 3.85	9.45 5.95
1.05 1.05	3.15 1.05
5.95 1.05	3.85 1.05
8.75 1.75	6.65 1.75
3.85 9.45	1.75 9.45
4.55 8.05	4.55 10.15
5.25 5.95	7.35 5.95
7.35 9.45	7.35 7.35
3.85 3.85	3.85 1.75
8.75 7.35	8.75 9.45
1.05 3.85	3.15 3.85
8.75 3.15	8.75 5.25
endplex
boundarywalls
endbound
