R
0.7
3.5
HV
15
15
1 1 1 1 1 1 1 1 1 1 1 1 1 1 1 
1 1 1 1 1 1 1 1 1 1 1 1 1 1 1 
1 1 1 1 1 1 1 1 1 1 1 1 1 1 1 
1 1 1 1 1 1 1 1 1 1 1 1 1 1 1 
1 1 1 1 1 1 1 1 1 1 1 1 1 1 1 
1 1 1 1 1 1 1 1 1 1 1 1 1 1 1 
1 1 1 1 1 1 1 1 1 1 1 1 1 1 1 
1 1 1 1 1 1 1 1 1 1 1 1 1 1 1 
1 1 1 1 1 1 1 1 1 1 1 1 1 1 1 
1 1 1 1 1 1 1 1 1 1 1 1 1 1 1 
1 1 1 1 1 1 1 1 1 1 1 1 1 1 1 
1 1 1 1 1 1 1 1 1 1 1 1 1 1 1 
1 1 1 1 1 1 1 1 1 1 1 1 1 1 1 
1 1 1 1 1 1 1 1 1 1 1 1 1 1 1 
1 1 1 1 1 1 1 1 1 1 1 1 1 1 1 
plexiglasswalls
5.25 6.65	5.25 10.15
9.45 5.95	9.45 9.45
8.75 5.95	8.75 2.45
6.65 4.55	3.15 4.55
1.75 9.45	1.75 5.95
3.85 3.15	7.35 3.15
3.15 2.45	6.65 2.45
5.95 3.85	2.45 3.85
3.85 5.25	7.35 5.25
6.65 6.65	6.65 10.15
5.95 1.05	9.45 1.05
1.05 6.65	1.05 3.15
3.85 5.95	7.35 5.95
3.15 5.95	3.15 9.45
8.05 5.95	8.05 9.45
3.15 3.85	3.15 0.35
5.95 1.75	9.45 1.75
1.75 4.55	1.75 1.05
7.35 6.65	7.35 10.15
8.75 6.65	8.75 10.15
endplex
boundarywalls
endbound
