R
0.7
2.8
HV
15
15
1 1 1 1 1 1 1 1 1 1 1 1 1 1 1 
1 1 1 1 1 1 1 1 1 1 1 1 1 1 1 
1 1 1 1 1 1 1 1 1 1 1 1 1 1 1 
1 1 1 1 1 1 1 1 1 1 1 1 1 1 1 
1 1 1 1 1 1 1 1 1 1 1 1 1 1 1 
1 1 1 1 1 1 1 1 1 1 1 1 1 1 1 
1 1 1 1 1 1 1 1 1 1 1 1 1 1 1 
1 1 1 1 1 1 1 1 1 1 1 1 1 1 1 
1 1 1 1 1 1 1 1 1 1 1 1 1 1 1 
1 1 1 1 1 1 1 1 1 1 1 1 1 1 1 
1 1 1 1 1 1 1 1 1 1 1 1 1 1 1 
1 1 1 1 1 1 1 1 1 1 1 1 1 1 1 
1 1 1 1 1 1 1 1 1 1 1 1 1 1 1 
1 1 1 1 1 1 1 1 1 1 1 1 1 1 1 
1 1 1 1 1 1 1 1 1 1 1 1 1 1 1 
plexiglasswalls
8.75 5.95	8.75 8.75
3.15 3.85	3.15 1.05
5.95 9.45	8.75 9.45
3.85 9.45	1.05 9.45
2.45 4.55	2.45 7.35
8.75 5.25	8.75 2.45
4.55 1.05	4.55 3.85
2.45 1.05	2.45 3.85
5.95 5.25	3.15 5.25
3.85 6.65	6.65 6.65
3.15 8.75	0.35 8.75
3.85 3.15	3.85 0.35
4.55 4.55	7.35 4.55
5.25 3.15	8.05 3.15
8.05 5.95	5.25 5.95
6.65 1.05	9.45 1.05
1.75 1.05	1.75 3.85
8.05 2.45	8.05 5.25
1.05 6.65	1.05 3.85
9.45 3.15	9.45 5.95
endplex
boundarywalls
endbound
