R
0.7
0.7
HV
15
15
1 1 1 1 1 1 1 1 1 1 1 1 1 1 1 
1 1 1 1 1 1 1 1 1 1 1 1 1 1 1 
1 1 1 1 1 1 1 1 1 1 1 1 1 1 1 
1 1 1 1 1 1 1 1 1 1 1 1 1 1 1 
1 1 1 1 1 1 1 1 1 1 1 1 1 1 1 
1 1 1 1 1 1 1 1 1 1 1 1 1 1 1 
1 1 1 1 1 1 1 1 1 1 1 1 1 1 1 
1 1 1 1 1 1 1 1 1 1 1 1 1 1 1 
1 1 1 1 1 1 1 1 1 1 1 1 1 1 1 
1 1 1 1 1 1 1 1 1 1 1 1 1 1 1 
1 1 1 1 1 1 1 1 1 1 1 1 1 1 1 
1 1 1 1 1 1 1 1 1 1 1 1 1 1 1 
1 1 1 1 1 1 1 1 1 1 1 1 1 1 1 
1 1 1 1 1 1 1 1 1 1 1 1 1 1 1 
1 1 1 1 1 1 1 1 1 1 1 1 1 1 1 
plexiglasswalls
7.35 8.75	8.05 8.75
3.85 3.85	3.15 3.85
5.25 8.05	5.95 8.05
5.95 2.45	5.95 1.75
5.25 4.55	5.25 3.85
9.45 8.75	10.15 8.75
2.45 5.95	2.45 5.25
3.85 5.95	4.55 5.95
2.45 7.35	2.45 6.65
3.85 8.75	3.85 9.45
1.75 8.05	2.45 8.05
9.45 5.25	9.45 5.95
6.65 1.05	6.65 1.75
8.05 3.85	7.35 3.85
9.45 4.55	9.45 3.85
endplex
boundarywalls
endbound
