R
0.7
2.8
HV
15
15
1 1 1 1 1 1 1 1 1 1 1 1 1 1 1 
1 1 1 1 1 1 1 1 1 1 1 1 1 1 1 
1 1 1 1 1 1 1 1 1 1 1 1 1 1 1 
1 1 1 1 1 1 1 1 1 1 1 1 1 1 1 
1 1 1 1 1 1 1 1 1 1 1 1 1 1 1 
1 1 1 1 1 1 1 1 1 1 1 1 1 1 1 
1 1 1 1 1 1 1 1 1 1 1 1 1 1 1 
1 1 1 1 1 1 1 1 1 1 1 1 1 1 1 
1 1 1 1 1 1 1 1 1 1 1 1 1 1 1 
1 1 1 1 1 1 1 1 1 1 1 1 1 1 1 
1 1 1 1 1 1 1 1 1 1 1 1 1 1 1 
1 1 1 1 1 1 1 1 1 1 1 1 1 1 1 
1 1 1 1 1 1 1 1 1 1 1 1 1 1 1 
1 1 1 1 1 1 1 1 1 1 1 1 1 1 1 
1 1 1 1 1 1 1 1 1 1 1 1 1 1 1 
plexiglasswalls
6.65 1.05	3.85 1.05
7.35 2.45	4.55 2.45
3.85 9.45	1.05 9.45
7.35 5.25	7.35 8.05
3.15 8.05	5.95 8.05
8.75 3.15	8.75 0.35
3.15 5.25	5.95 5.25
1.75 5.25	1.75 2.45
2.45 3.85	2.45 6.65
6.65 4.55	6.65 7.35
8.75 3.85	5.95 3.85
6.65 9.45	9.45 9.45
9.45 3.85	9.45 1.05
5.95 8.75	8.75 8.75
3.15 3.85	3.15 1.05
4.55 1.75	7.35 1.75
8.05 3.15	8.05 0.35
8.05 8.05	8.05 5.25
3.15 7.35	5.95 7.35
3.85 1.75	3.85 4.55
endplex
boundarywalls
endbound
