R
0.7
2.8
HV
15
15
1 1 1 1 1 1 1 1 1 1 1 1 1 1 1 
1 1 1 1 1 1 1 1 1 1 1 1 1 1 1 
1 1 1 1 1 1 1 1 1 1 1 1 1 1 1 
1 1 1 1 1 1 1 1 1 1 1 1 1 1 1 
1 1 1 1 1 1 1 1 1 1 1 1 1 1 1 
1 1 1 1 1 1 1 1 1 1 1 1 1 1 1 
1 1 1 1 1 1 1 1 1 1 1 1 1 1 1 
1 1 1 1 1 1 1 1 1 1 1 1 1 1 1 
1 1 1 1 1 1 1 1 1 1 1 1 1 1 1 
1 1 1 1 1 1 1 1 1 1 1 1 1 1 1 
1 1 1 1 1 1 1 1 1 1 1 1 1 1 1 
1 1 1 1 1 1 1 1 1 1 1 1 1 1 1 
1 1 1 1 1 1 1 1 1 1 1 1 1 1 1 
1 1 1 1 1 1 1 1 1 1 1 1 1 1 1 
1 1 1 1 1 1 1 1 1 1 1 1 1 1 1 
plexiglasswalls
7.35 6.65	7.35 9.45
3.85 7.35	3.85 4.55
5.25 1.75	2.45 1.75
1.05 7.35	1.05 10.15
1.75 3.15	4.55 3.15
6.65 2.45	6.65 5.25
5.25 5.95	5.25 3.15
2.45 1.05	5.25 1.05
5.95 5.95	5.95 8.75
7.35 4.55	10.15 4.55
4.55 9.45	4.55 6.65
4.55 3.85	1.75 3.85
5.95 4.55	5.95 1.75
7.35 2.45	10.15 2.45
1.75 5.25	1.75 8.05
8.05 5.95	8.05 8.75
2.45 8.75	2.45 5.95
1.05 1.05	1.05 3.85
8.75 7.35	8.75 10.15
9.45 1.05	6.65 1.05
endplex
boundarywalls
endbound
