R
0.7
2.0999999999999996
HV
15
15
1 1 1 1 1 1 1 1 1 1 1 1 1 1 1 
1 1 1 1 1 1 1 1 1 1 1 1 1 1 1 
1 1 1 1 1 1 1 1 1 1 1 1 1 1 1 
1 1 1 1 1 1 1 1 1 1 1 1 1 1 1 
1 1 1 1 1 1 1 1 1 1 1 1 1 1 1 
1 1 1 1 1 1 1 1 1 1 1 1 1 1 1 
1 1 1 1 1 1 1 1 1 1 1 1 1 1 1 
1 1 1 1 1 1 1 1 1 1 1 1 1 1 1 
1 1 1 1 1 1 1 1 1 1 1 1 1 1 1 
1 1 1 1 1 1 1 1 1 1 1 1 1 1 1 
1 1 1 1 1 1 1 1 1 1 1 1 1 1 1 
1 1 1 1 1 1 1 1 1 1 1 1 1 1 1 
1 1 1 1 1 1 1 1 1 1 1 1 1 1 1 
1 1 1 1 1 1 1 1 1 1 1 1 1 1 1 
1 1 1 1 1 1 1 1 1 1 1 1 1 1 1 
plexiglasswalls
8.05 9.45	10.15 9.45
6.65 1.75	8.75 1.75
3.85 8.05	5.95 8.05
2.45 4.55	2.45 6.65
8.05 2.45	8.05 4.55
3.85 3.15	3.85 5.25
2.45 1.05	0.35 1.05
4.55 3.85	6.65 3.85
6.65 7.35	8.75 7.35
1.75 2.45	1.75 4.55
6.65 4.55	8.75 4.55
1.05 1.75	1.05 3.85
3.85 9.45	1.75 9.45
3.85 7.35	5.95 7.35
2.45 2.45	4.55 2.45
endplex
boundarywalls
endbound
