R
0.7
2.8
HV
15
15
1 1 1 1 1 1 1 1 1 1 1 1 1 1 1 
1 1 1 1 1 1 1 1 1 1 1 1 1 1 1 
1 1 1 1 1 1 1 1 1 1 1 1 1 1 1 
1 1 1 1 1 1 1 1 1 1 1 1 1 1 1 
1 1 1 1 1 1 1 1 1 1 1 1 1 1 1 
1 1 1 1 1 1 1 1 1 1 1 1 1 1 1 
1 1 1 1 1 1 1 1 1 1 1 1 1 1 1 
1 1 1 1 1 1 1 1 1 1 1 1 1 1 1 
1 1 1 1 1 1 1 1 1 1 1 1 1 1 1 
1 1 1 1 1 1 1 1 1 1 1 1 1 1 1 
1 1 1 1 1 1 1 1 1 1 1 1 1 1 1 
1 1 1 1 1 1 1 1 1 1 1 1 1 1 1 
1 1 1 1 1 1 1 1 1 1 1 1 1 1 1 
1 1 1 1 1 1 1 1 1 1 1 1 1 1 1 
1 1 1 1 1 1 1 1 1 1 1 1 1 1 1 
plexiglasswalls
5.25 3.15	2.45 3.15
1.05 6.65	3.85 6.65
6.65 1.75	3.85 1.75
9.45 3.15	9.45 0.35
1.75 9.45	4.55 9.45
7.35 3.15	7.35 5.95
5.25 5.95	2.45 5.95
5.95 8.05	8.75 8.05
6.65 3.85	3.85 3.85
3.85 1.05	1.05 1.05
1.75 4.55	4.55 4.55
1.05 5.95	1.05 3.15
4.55 2.45	7.35 2.45
8.05 7.35	5.25 7.35
8.75 3.15	8.75 0.35
endplex
boundarywalls
endbound
