R
0.7
1.4
HV
15
15
1 1 1 1 1 1 1 1 1 1 1 1 1 1 1 
1 1 1 1 1 1 1 1 1 1 1 1 1 1 1 
1 1 1 1 1 1 1 1 1 1 1 1 1 1 1 
1 1 1 1 1 1 1 1 1 1 1 1 1 1 1 
1 1 1 1 1 1 1 1 1 1 1 1 1 1 1 
1 1 1 1 1 1 1 1 1 1 1 1 1 1 1 
1 1 1 1 1 1 1 1 1 1 1 1 1 1 1 
1 1 1 1 1 1 1 1 1 1 1 1 1 1 1 
1 1 1 1 1 1 1 1 1 1 1 1 1 1 1 
1 1 1 1 1 1 1 1 1 1 1 1 1 1 1 
1 1 1 1 1 1 1 1 1 1 1 1 1 1 1 
1 1 1 1 1 1 1 1 1 1 1 1 1 1 1 
1 1 1 1 1 1 1 1 1 1 1 1 1 1 1 
1 1 1 1 1 1 1 1 1 1 1 1 1 1 1 
1 1 1 1 1 1 1 1 1 1 1 1 1 1 1 
plexiglasswalls
5.95 7.35	5.95 5.95
2.45 1.75	1.05 1.75
1.75 8.05	1.75 6.65
8.05 8.75	6.65 8.75
5.25 1.75	3.85 1.75
7.35 4.55	7.35 3.15
5.25 7.35	5.25 8.75
4.55 7.35	3.15 7.35
5.95 5.25	5.95 3.85
7.35 6.65	7.35 5.25
9.45 8.75	9.45 10.15
8.05 6.65	8.05 8.05
7.35 1.05	8.75 1.05
7.35 1.75	8.75 1.75
1.75 5.95	3.15 5.95
3.85 9.45	5.25 9.45
1.05 4.55	1.05 5.95
9.45 5.25	9.45 6.65
6.65 5.25	6.65 6.65
5.95 9.45	5.95 8.05
endplex
boundarywalls
endbound
