R
0.7
2.8
HV
15
15
1 1 1 1 1 1 1 1 1 1 1 1 1 1 1 
1 1 1 1 1 1 1 1 1 1 1 1 1 1 1 
1 1 1 1 1 1 1 1 1 1 1 1 1 1 1 
1 1 1 1 1 1 1 1 1 1 1 1 1 1 1 
1 1 1 1 1 1 1 1 1 1 1 1 1 1 1 
1 1 1 1 1 1 1 1 1 1 1 1 1 1 1 
1 1 1 1 1 1 1 1 1 1 1 1 1 1 1 
1 1 1 1 1 1 1 1 1 1 1 1 1 1 1 
1 1 1 1 1 1 1 1 1 1 1 1 1 1 1 
1 1 1 1 1 1 1 1 1 1 1 1 1 1 1 
1 1 1 1 1 1 1 1 1 1 1 1 1 1 1 
1 1 1 1 1 1 1 1 1 1 1 1 1 1 1 
1 1 1 1 1 1 1 1 1 1 1 1 1 1 1 
1 1 1 1 1 1 1 1 1 1 1 1 1 1 1 
1 1 1 1 1 1 1 1 1 1 1 1 1 1 1 
plexiglasswalls
4.55 1.05	7.35 1.05
3.85 3.15	3.85 5.95
3.85 8.05	1.05 8.05
5.25 6.65	5.25 9.45
6.65 6.65	6.65 3.85
4.55 4.55	4.55 1.75
7.35 8.05	7.35 5.25
4.55 8.05	4.55 5.25
9.45 3.85	9.45 1.05
1.05 6.65	3.85 6.65
5.25 3.15	5.25 5.95
1.75 9.45	4.55 9.45
8.75 5.25	8.75 2.45
7.35 7.35	10.15 7.35
3.15 3.85	0.35 3.85
endplex
boundarywalls
endbound
