R
0.7
2.8
HV
15
15
1 1 1 1 1 1 1 1 1 1 1 1 1 1 1 
1 1 1 1 1 1 1 1 1 1 1 1 1 1 1 
1 1 1 1 1 1 1 1 1 1 1 1 1 1 1 
1 1 1 1 1 1 1 1 1 1 1 1 1 1 1 
1 1 1 1 1 1 1 1 1 1 1 1 1 1 1 
1 1 1 1 1 1 1 1 1 1 1 1 1 1 1 
1 1 1 1 1 1 1 1 1 1 1 1 1 1 1 
1 1 1 1 1 1 1 1 1 1 1 1 1 1 1 
1 1 1 1 1 1 1 1 1 1 1 1 1 1 1 
1 1 1 1 1 1 1 1 1 1 1 1 1 1 1 
1 1 1 1 1 1 1 1 1 1 1 1 1 1 1 
1 1 1 1 1 1 1 1 1 1 1 1 1 1 1 
1 1 1 1 1 1 1 1 1 1 1 1 1 1 1 
1 1 1 1 1 1 1 1 1 1 1 1 1 1 1 
1 1 1 1 1 1 1 1 1 1 1 1 1 1 1 
plexiglasswalls
3.15 5.25	3.15 2.45
8.75 7.35	5.95 7.35
5.95 3.85	8.75 3.85
1.05 6.65	1.05 3.85
8.75 6.65	5.95 6.65
4.55 5.95	7.35 5.95
4.55 1.75	4.55 4.55
3.15 9.45	0.35 9.45
2.45 8.05	2.45 5.25
5.25 3.85	5.25 1.05
3.85 5.25	6.65 5.25
1.05 1.75	3.85 1.75
3.85 1.05	1.05 1.05
4.55 8.75	1.75 8.75
8.05 4.55	5.25 4.55
endplex
boundarywalls
endbound
