R
0.7
0.7
HV
15
15
1 1 1 1 1 1 1 1 1 1 1 1 1 1 1 
1 1 1 1 1 1 1 1 1 1 1 1 1 1 1 
1 1 1 1 1 1 1 1 1 1 1 1 1 1 1 
1 1 1 1 1 1 1 1 1 1 1 1 1 1 1 
1 1 1 1 1 1 1 1 1 1 1 1 1 1 1 
1 1 1 1 1 1 1 1 1 1 1 1 1 1 1 
1 1 1 1 1 1 1 1 1 1 1 1 1 1 1 
1 1 1 1 1 1 1 1 1 1 1 1 1 1 1 
1 1 1 1 1 1 1 1 1 1 1 1 1 1 1 
1 1 1 1 1 1 1 1 1 1 1 1 1 1 1 
1 1 1 1 1 1 1 1 1 1 1 1 1 1 1 
1 1 1 1 1 1 1 1 1 1 1 1 1 1 1 
1 1 1 1 1 1 1 1 1 1 1 1 1 1 1 
1 1 1 1 1 1 1 1 1 1 1 1 1 1 1 
1 1 1 1 1 1 1 1 1 1 1 1 1 1 1 
plexiglasswalls
1.05 3.85	1.05 3.15
7.35 9.45	6.65 9.45
4.55 2.45	4.55 3.15
5.95 5.95	5.95 6.65
3.15 1.05	3.15 0.35
3.85 3.15	3.15 3.15
3.85 5.95	3.15 5.95
5.95 9.45	5.95 8.75
8.75 8.75	9.45 8.75
8.75 3.85	9.45 3.85
3.85 8.75	3.85 9.45
5.25 3.15	5.95 3.15
5.95 7.35	6.65 7.35
2.45 2.45	3.15 2.45
1.05 5.25	1.75 5.25
2.45 8.05	1.75 8.05
9.45 4.55	9.45 5.25
2.45 6.65	3.15 6.65
1.75 1.05	1.05 1.05
4.55 9.45	4.55 8.75
endplex
boundarywalls
endbound
