R
0.7
2.0999999999999996
HV
15
15
1 1 1 1 1 1 1 1 1 1 1 1 1 1 1 
1 1 1 1 1 1 1 1 1 1 1 1 1 1 1 
1 1 1 1 1 1 1 1 1 1 1 1 1 1 1 
1 1 1 1 1 1 1 1 1 1 1 1 1 1 1 
1 1 1 1 1 1 1 1 1 1 1 1 1 1 1 
1 1 1 1 1 1 1 1 1 1 1 1 1 1 1 
1 1 1 1 1 1 1 1 1 1 1 1 1 1 1 
1 1 1 1 1 1 1 1 1 1 1 1 1 1 1 
1 1 1 1 1 1 1 1 1 1 1 1 1 1 1 
1 1 1 1 1 1 1 1 1 1 1 1 1 1 1 
1 1 1 1 1 1 1 1 1 1 1 1 1 1 1 
1 1 1 1 1 1 1 1 1 1 1 1 1 1 1 
1 1 1 1 1 1 1 1 1 1 1 1 1 1 1 
1 1 1 1 1 1 1 1 1 1 1 1 1 1 1 
1 1 1 1 1 1 1 1 1 1 1 1 1 1 1 
plexiglasswalls
4.55 5.25	4.55 7.35
5.95 4.55	5.95 2.45
5.25 9.45	3.15 9.45
8.05 3.15	8.05 1.05
4.55 2.45	4.55 0.35
2.45 4.55	2.45 2.45
1.05 2.45	1.05 0.35
9.45 8.05	9.45 10.15
3.85 3.15	3.85 1.05
9.45 5.25	7.35 5.25
1.75 6.65	1.75 4.55
3.15 4.55	3.15 2.45
5.25 1.05	5.25 3.15
3.85 5.95	3.85 8.05
8.05 8.75	8.05 6.65
endplex
boundarywalls
endbound
