R
0.7
2.8
HV
15
15
1 1 1 1 1 1 1 1 1 1 1 1 1 1 1 
1 1 1 1 1 1 1 1 1 1 1 1 1 1 1 
1 1 1 1 1 1 1 1 1 1 1 1 1 1 1 
1 1 1 1 1 1 1 1 1 1 1 1 1 1 1 
1 1 1 1 1 1 1 1 1 1 1 1 1 1 1 
1 1 1 1 1 1 1 1 1 1 1 1 1 1 1 
1 1 1 1 1 1 1 1 1 1 1 1 1 1 1 
1 1 1 1 1 1 1 1 1 1 1 1 1 1 1 
1 1 1 1 1 1 1 1 1 1 1 1 1 1 1 
1 1 1 1 1 1 1 1 1 1 1 1 1 1 1 
1 1 1 1 1 1 1 1 1 1 1 1 1 1 1 
1 1 1 1 1 1 1 1 1 1 1 1 1 1 1 
1 1 1 1 1 1 1 1 1 1 1 1 1 1 1 
1 1 1 1 1 1 1 1 1 1 1 1 1 1 1 
1 1 1 1 1 1 1 1 1 1 1 1 1 1 1 
plexiglasswalls
9.45 3.85	6.65 3.85
6.65 9.45	9.45 9.45
2.45 6.65	5.25 6.65
1.75 8.05	4.55 8.05
8.05 1.05	8.05 3.85
5.25 4.55	8.05 4.55
3.85 5.25	6.65 5.25
1.75 4.55	4.55 4.55
7.35 1.05	4.55 1.05
6.65 8.75	9.45 8.75
1.75 9.45	1.75 6.65
8.05 5.25	8.05 8.05
5.95 7.35	3.15 7.35
3.15 8.75	5.95 8.75
1.05 4.55	1.05 7.35
endplex
boundarywalls
endbound
