R
0.7
2.8
HV
15
15
1 1 1 1 1 1 1 1 1 1 1 1 1 1 1 
1 1 1 1 1 1 1 1 1 1 1 1 1 1 1 
1 1 1 1 1 1 1 1 1 1 1 1 1 1 1 
1 1 1 1 1 1 1 1 1 1 1 1 1 1 1 
1 1 1 1 1 1 1 1 1 1 1 1 1 1 1 
1 1 1 1 1 1 1 1 1 1 1 1 1 1 1 
1 1 1 1 1 1 1 1 1 1 1 1 1 1 1 
1 1 1 1 1 1 1 1 1 1 1 1 1 1 1 
1 1 1 1 1 1 1 1 1 1 1 1 1 1 1 
1 1 1 1 1 1 1 1 1 1 1 1 1 1 1 
1 1 1 1 1 1 1 1 1 1 1 1 1 1 1 
1 1 1 1 1 1 1 1 1 1 1 1 1 1 1 
1 1 1 1 1 1 1 1 1 1 1 1 1 1 1 
1 1 1 1 1 1 1 1 1 1 1 1 1 1 1 
1 1 1 1 1 1 1 1 1 1 1 1 1 1 1 
plexiglasswalls
1.75 1.75	1.75 4.55
1.75 8.75	4.55 8.75
2.45 5.25	2.45 8.05
6.65 2.45	3.85 2.45
8.05 3.85	8.05 6.65
1.75 9.45	1.75 6.65
3.15 4.55	5.95 4.55
5.95 8.75	8.75 8.75
5.25 9.45	2.45 9.45
5.25 1.05	2.45 1.05
1.05 8.05	1.05 5.25
7.35 2.45	7.35 5.25
5.25 1.75	8.05 1.75
8.75 8.05	5.95 8.05
1.05 3.15	1.05 0.35
5.95 9.45	5.95 6.65
8.75 3.85	8.75 6.65
5.25 8.05	5.25 5.25
9.45 5.25	9.45 8.05
5.25 5.95	8.05 5.95
endplex
boundarywalls
endbound
