R
0.7
1.4
HV
15
15
1 1 1 1 1 1 1 1 1 1 1 1 1 1 1 
1 1 1 1 1 1 1 1 1 1 1 1 1 1 1 
1 1 1 1 1 1 1 1 1 1 1 1 1 1 1 
1 1 1 1 1 1 1 1 1 1 1 1 1 1 1 
1 1 1 1 1 1 1 1 1 1 1 1 1 1 1 
1 1 1 1 1 1 1 1 1 1 1 1 1 1 1 
1 1 1 1 1 1 1 1 1 1 1 1 1 1 1 
1 1 1 1 1 1 1 1 1 1 1 1 1 1 1 
1 1 1 1 1 1 1 1 1 1 1 1 1 1 1 
1 1 1 1 1 1 1 1 1 1 1 1 1 1 1 
1 1 1 1 1 1 1 1 1 1 1 1 1 1 1 
1 1 1 1 1 1 1 1 1 1 1 1 1 1 1 
1 1 1 1 1 1 1 1 1 1 1 1 1 1 1 
1 1 1 1 1 1 1 1 1 1 1 1 1 1 1 
1 1 1 1 1 1 1 1 1 1 1 1 1 1 1 
plexiglasswalls
3.85 3.85	5.25 3.85
5.95 3.85	7.35 3.85
4.55 7.35	4.55 8.75
8.75 6.65	7.35 6.65
6.65 6.65	6.65 8.05
8.05 1.75	9.45 1.75
9.45 9.45	9.45 8.05
5.25 6.65	5.25 8.05
3.15 1.05	3.15 2.45
9.45 4.55	8.05 4.55
2.45 1.75	2.45 0.35
5.25 9.45	6.65 9.45
8.75 3.15	7.35 3.15
5.25 1.05	3.85 1.05
1.05 5.25	2.45 5.25
3.85 5.95	5.25 5.95
8.75 9.45	7.35 9.45
2.45 8.75	2.45 7.35
1.75 5.95	1.75 7.35
9.45 7.35	9.45 5.95
endplex
boundarywalls
endbound
