R
0.7
2.0999999999999996
HV
15
15
1 1 1 1 1 1 1 1 1 1 1 1 1 1 1 
1 1 1 1 1 1 1 1 1 1 1 1 1 1 1 
1 1 1 1 1 1 1 1 1 1 1 1 1 1 1 
1 1 1 1 1 1 1 1 1 1 1 1 1 1 1 
1 1 1 1 1 1 1 1 1 1 1 1 1 1 1 
1 1 1 1 1 1 1 1 1 1 1 1 1 1 1 
1 1 1 1 1 1 1 1 1 1 1 1 1 1 1 
1 1 1 1 1 1 1 1 1 1 1 1 1 1 1 
1 1 1 1 1 1 1 1 1 1 1 1 1 1 1 
1 1 1 1 1 1 1 1 1 1 1 1 1 1 1 
1 1 1 1 1 1 1 1 1 1 1 1 1 1 1 
1 1 1 1 1 1 1 1 1 1 1 1 1 1 1 
1 1 1 1 1 1 1 1 1 1 1 1 1 1 1 
1 1 1 1 1 1 1 1 1 1 1 1 1 1 1 
1 1 1 1 1 1 1 1 1 1 1 1 1 1 1 
plexiglasswalls
9.45 7.35	9.45 9.45
6.65 3.85	4.55 3.85
7.35 8.75	7.35 6.65
6.65 4.55	4.55 4.55
8.75 6.65	8.75 8.75
2.45 5.25	0.35 5.25
9.45 6.65	9.45 4.55
5.95 2.45	3.85 2.45
3.15 7.35	5.25 7.35
4.55 9.45	2.45 9.45
3.85 3.85	3.85 5.95
4.55 1.05	6.65 1.05
4.55 5.25	4.55 7.35
8.75 1.75	6.65 1.75
9.45 2.45	9.45 0.35
endplex
boundarywalls
endbound
