R
0.7
2.0999999999999996
HV
15
15
1 1 1 1 1 1 1 1 1 1 1 1 1 1 1 
1 1 1 1 1 1 1 1 1 1 1 1 1 1 1 
1 1 1 1 1 1 1 1 1 1 1 1 1 1 1 
1 1 1 1 1 1 1 1 1 1 1 1 1 1 1 
1 1 1 1 1 1 1 1 1 1 1 1 1 1 1 
1 1 1 1 1 1 1 1 1 1 1 1 1 1 1 
1 1 1 1 1 1 1 1 1 1 1 1 1 1 1 
1 1 1 1 1 1 1 1 1 1 1 1 1 1 1 
1 1 1 1 1 1 1 1 1 1 1 1 1 1 1 
1 1 1 1 1 1 1 1 1 1 1 1 1 1 1 
1 1 1 1 1 1 1 1 1 1 1 1 1 1 1 
1 1 1 1 1 1 1 1 1 1 1 1 1 1 1 
1 1 1 1 1 1 1 1 1 1 1 1 1 1 1 
1 1 1 1 1 1 1 1 1 1 1 1 1 1 1 
1 1 1 1 1 1 1 1 1 1 1 1 1 1 1 
plexiglasswalls
7.35 5.95	9.45 5.95
8.05 3.15	10.15 3.15
7.35 2.45	5.25 2.45
4.55 2.45	4.55 0.35
7.35 1.05	9.45 1.05
2.45 6.65	2.45 8.75
5.95 5.25	8.05 5.25
6.65 8.75	6.65 6.65
8.75 7.35	6.65 7.35
8.05 3.85	5.95 3.85
2.45 3.15	4.55 3.15
3.85 8.05	3.85 5.95
4.55 5.25	2.45 5.25
1.75 8.05	1.75 5.95
8.75 9.45	6.65 9.45
8.05 2.45	10.15 2.45
3.15 9.45	1.05 9.45
5.25 5.95	3.15 5.95
1.05 2.45	1.05 0.35
5.95 9.45	5.95 7.35
endplex
boundarywalls
endbound
