R
0.7
0.7
HV
15
15
1 1 1 1 1 1 1 1 1 1 1 1 1 1 1 
1 1 1 1 1 1 1 1 1 1 1 1 1 1 1 
1 1 1 1 1 1 1 1 1 1 1 1 1 1 1 
1 1 1 1 1 1 1 1 1 1 1 1 1 1 1 
1 1 1 1 1 1 1 1 1 1 1 1 1 1 1 
1 1 1 1 1 1 1 1 1 1 1 1 1 1 1 
1 1 1 1 1 1 1 1 1 1 1 1 1 1 1 
1 1 1 1 1 1 1 1 1 1 1 1 1 1 1 
1 1 1 1 1 1 1 1 1 1 1 1 1 1 1 
1 1 1 1 1 1 1 1 1 1 1 1 1 1 1 
1 1 1 1 1 1 1 1 1 1 1 1 1 1 1 
1 1 1 1 1 1 1 1 1 1 1 1 1 1 1 
1 1 1 1 1 1 1 1 1 1 1 1 1 1 1 
1 1 1 1 1 1 1 1 1 1 1 1 1 1 1 
1 1 1 1 1 1 1 1 1 1 1 1 1 1 1 
plexiglasswalls
3.85 1.75	3.15 1.75
5.95 6.65	5.95 5.95
1.75 6.65	1.75 5.95
1.05 7.35	1.05 6.65
8.75 5.95	8.05 5.95
1.75 1.75	1.75 2.45
2.45 2.45	2.45 3.15
3.85 7.35	3.15 7.35
3.85 9.45	3.85 8.75
8.75 5.25	8.75 4.55
8.75 7.35	8.75 8.05
8.05 8.75	8.05 9.45
6.65 8.75	5.95 8.75
8.75 6.65	9.45 6.65
5.25 6.65	5.25 7.35
endplex
boundarywalls
endbound
