R
0.7
2.0999999999999996
HV
15
15
1 1 1 1 1 1 1 1 1 1 1 1 1 1 1 
1 1 1 1 1 1 1 1 1 1 1 1 1 1 1 
1 1 1 1 1 1 1 1 1 1 1 1 1 1 1 
1 1 1 1 1 1 1 1 1 1 1 1 1 1 1 
1 1 1 1 1 1 1 1 1 1 1 1 1 1 1 
1 1 1 1 1 1 1 1 1 1 1 1 1 1 1 
1 1 1 1 1 1 1 1 1 1 1 1 1 1 1 
1 1 1 1 1 1 1 1 1 1 1 1 1 1 1 
1 1 1 1 1 1 1 1 1 1 1 1 1 1 1 
1 1 1 1 1 1 1 1 1 1 1 1 1 1 1 
1 1 1 1 1 1 1 1 1 1 1 1 1 1 1 
1 1 1 1 1 1 1 1 1 1 1 1 1 1 1 
1 1 1 1 1 1 1 1 1 1 1 1 1 1 1 
1 1 1 1 1 1 1 1 1 1 1 1 1 1 1 
1 1 1 1 1 1 1 1 1 1 1 1 1 1 1 
plexiglasswalls
9.45 7.35	7.35 7.35
1.75 5.25	1.75 3.15
1.75 9.45	1.75 7.35
2.45 8.05	2.45 5.95
5.25 3.85	5.25 5.95
3.15 7.35	5.25 7.35
3.15 3.85	3.15 5.95
5.95 6.65	5.95 4.55
8.05 1.05	10.15 1.05
2.45 3.15	2.45 1.05
8.75 4.55	8.75 2.45
8.05 6.65	10.15 6.65
8.05 8.05	10.15 8.05
3.85 5.95	3.85 3.85
4.55 1.05	6.65 1.05
endplex
boundarywalls
endbound
