R
0.7
2.0999999999999996
HV
15
15
1 1 1 1 1 1 1 1 1 1 1 1 1 1 1 
1 1 1 1 1 1 1 1 1 1 1 1 1 1 1 
1 1 1 1 1 1 1 1 1 1 1 1 1 1 1 
1 1 1 1 1 1 1 1 1 1 1 1 1 1 1 
1 1 1 1 1 1 1 1 1 1 1 1 1 1 1 
1 1 1 1 1 1 1 1 1 1 1 1 1 1 1 
1 1 1 1 1 1 1 1 1 1 1 1 1 1 1 
1 1 1 1 1 1 1 1 1 1 1 1 1 1 1 
1 1 1 1 1 1 1 1 1 1 1 1 1 1 1 
1 1 1 1 1 1 1 1 1 1 1 1 1 1 1 
1 1 1 1 1 1 1 1 1 1 1 1 1 1 1 
1 1 1 1 1 1 1 1 1 1 1 1 1 1 1 
1 1 1 1 1 1 1 1 1 1 1 1 1 1 1 
1 1 1 1 1 1 1 1 1 1 1 1 1 1 1 
1 1 1 1 1 1 1 1 1 1 1 1 1 1 1 
plexiglasswalls
4.55 8.75	6.65 8.75
3.85 3.85	1.75 3.85
3.15 1.75	5.25 1.75
7.35 2.45	7.35 0.35
1.05 5.95	3.15 5.95
8.75 7.35	8.75 9.45
1.05 6.65	1.05 4.55
4.55 7.35	4.55 5.25
5.25 1.05	7.35 1.05
5.25 5.25	3.15 5.25
8.05 6.65	10.15 6.65
5.95 5.25	5.95 7.35
7.35 5.95	7.35 8.05
2.45 1.75	0.35 1.75
8.05 7.35	8.05 9.45
3.85 3.15	1.75 3.15
1.05 9.45	1.05 7.35
1.75 7.35	3.85 7.35
4.55 4.55	4.55 2.45
3.15 1.05	1.05 1.05
endplex
boundarywalls
endbound
