R
0.7
1.4
HV
15
15
1 1 1 1 1 1 1 1 1 1 1 1 1 1 1 
1 1 1 1 1 1 1 1 1 1 1 1 1 1 1 
1 1 1 1 1 1 1 1 1 1 1 1 1 1 1 
1 1 1 1 1 1 1 1 1 1 1 1 1 1 1 
1 1 1 1 1 1 1 1 1 1 1 1 1 1 1 
1 1 1 1 1 1 1 1 1 1 1 1 1 1 1 
1 1 1 1 1 1 1 1 1 1 1 1 1 1 1 
1 1 1 1 1 1 1 1 1 1 1 1 1 1 1 
1 1 1 1 1 1 1 1 1 1 1 1 1 1 1 
1 1 1 1 1 1 1 1 1 1 1 1 1 1 1 
1 1 1 1 1 1 1 1 1 1 1 1 1 1 1 
1 1 1 1 1 1 1 1 1 1 1 1 1 1 1 
1 1 1 1 1 1 1 1 1 1 1 1 1 1 1 
1 1 1 1 1 1 1 1 1 1 1 1 1 1 1 
1 1 1 1 1 1 1 1 1 1 1 1 1 1 1 
plexiglasswalls
8.05 2.45	8.05 1.05
2.45 2.45	2.45 1.05
7.35 5.95	5.95 5.95
6.65 3.15	5.25 3.15
1.75 6.65	1.75 8.05
3.85 8.05	3.85 6.65
1.75 3.85	3.15 3.85
1.05 3.15	2.45 3.15
7.35 7.35	5.95 7.35
2.45 5.25	2.45 6.65
8.75 2.45	8.75 1.05
9.45 5.95	9.45 4.55
5.95 5.25	4.55 5.25
4.55 2.45	3.15 2.45
5.95 6.65	4.55 6.65
endplex
boundarywalls
endbound
