R
0.7
0.7
HV
15
15
1 1 1 1 1 1 1 1 1 1 1 1 1 1 1 
1 1 1 1 1 1 1 1 1 1 1 1 1 1 1 
1 1 1 1 1 1 1 1 1 1 1 1 1 1 1 
1 1 1 1 1 1 1 1 1 1 1 1 1 1 1 
1 1 1 1 1 1 1 1 1 1 1 1 1 1 1 
1 1 1 1 1 1 1 1 1 1 1 1 1 1 1 
1 1 1 1 1 1 1 1 1 1 1 1 1 1 1 
1 1 1 1 1 1 1 1 1 1 1 1 1 1 1 
1 1 1 1 1 1 1 1 1 1 1 1 1 1 1 
1 1 1 1 1 1 1 1 1 1 1 1 1 1 1 
1 1 1 1 1 1 1 1 1 1 1 1 1 1 1 
1 1 1 1 1 1 1 1 1 1 1 1 1 1 1 
1 1 1 1 1 1 1 1 1 1 1 1 1 1 1 
1 1 1 1 1 1 1 1 1 1 1 1 1 1 1 
1 1 1 1 1 1 1 1 1 1 1 1 1 1 1 
plexiglasswalls
3.85 5.95	3.15 5.95
2.45 7.35	3.15 7.35
4.55 1.75	4.55 1.05
1.75 5.25	1.75 4.55
2.45 1.75	1.75 1.75
4.55 6.65	3.85 6.65
8.05 1.05	8.05 1.75
2.45 8.75	2.45 9.45
8.75 5.25	8.75 5.95
5.95 5.95	6.65 5.95
1.05 5.25	1.05 4.55
5.25 3.15	4.55 3.15
1.05 3.15	1.05 3.85
9.45 8.75	8.75 8.75
2.45 3.15	2.45 2.45
5.25 4.55	5.25 5.25
3.15 3.85	3.85 3.85
6.65 2.45	5.95 2.45
8.05 7.35	8.75 7.35
9.45 8.05	10.15 8.05
endplex
boundarywalls
endbound
