R
0.7
1.4
HV
15
15
1 1 1 1 1 1 1 1 1 1 1 1 1 1 1 
1 1 1 1 1 1 1 1 1 1 1 1 1 1 1 
1 1 1 1 1 1 1 1 1 1 1 1 1 1 1 
1 1 1 1 1 1 1 1 1 1 1 1 1 1 1 
1 1 1 1 1 1 1 1 1 1 1 1 1 1 1 
1 1 1 1 1 1 1 1 1 1 1 1 1 1 1 
1 1 1 1 1 1 1 1 1 1 1 1 1 1 1 
1 1 1 1 1 1 1 1 1 1 1 1 1 1 1 
1 1 1 1 1 1 1 1 1 1 1 1 1 1 1 
1 1 1 1 1 1 1 1 1 1 1 1 1 1 1 
1 1 1 1 1 1 1 1 1 1 1 1 1 1 1 
1 1 1 1 1 1 1 1 1 1 1 1 1 1 1 
1 1 1 1 1 1 1 1 1 1 1 1 1 1 1 
1 1 1 1 1 1 1 1 1 1 1 1 1 1 1 
1 1 1 1 1 1 1 1 1 1 1 1 1 1 1 
plexiglasswalls
5.95 9.45	5.95 8.05
6.65 3.85	6.65 5.25
5.95 5.95	5.95 7.35
3.15 3.85	4.55 3.85
1.05 9.45	1.05 8.05
3.15 6.65	1.75 6.65
3.15 8.05	4.55 8.05
1.05 5.95	2.45 5.95
8.75 4.55	8.75 3.15
9.45 1.75	9.45 0.35
endplex
boundarywalls
endbound
