R
0.7
2.0999999999999996
HV
15
15
1 1 1 1 1 1 1 1 1 1 1 1 1 1 1 
1 1 1 1 1 1 1 1 1 1 1 1 1 1 1 
1 1 1 1 1 1 1 1 1 1 1 1 1 1 1 
1 1 1 1 1 1 1 1 1 1 1 1 1 1 1 
1 1 1 1 1 1 1 1 1 1 1 1 1 1 1 
1 1 1 1 1 1 1 1 1 1 1 1 1 1 1 
1 1 1 1 1 1 1 1 1 1 1 1 1 1 1 
1 1 1 1 1 1 1 1 1 1 1 1 1 1 1 
1 1 1 1 1 1 1 1 1 1 1 1 1 1 1 
1 1 1 1 1 1 1 1 1 1 1 1 1 1 1 
1 1 1 1 1 1 1 1 1 1 1 1 1 1 1 
1 1 1 1 1 1 1 1 1 1 1 1 1 1 1 
1 1 1 1 1 1 1 1 1 1 1 1 1 1 1 
1 1 1 1 1 1 1 1 1 1 1 1 1 1 1 
1 1 1 1 1 1 1 1 1 1 1 1 1 1 1 
plexiglasswalls
8.05 3.15	8.05 5.25
5.95 5.95	3.85 5.95
3.15 5.25	5.25 5.25
2.45 5.95	2.45 3.85
4.55 1.75	2.45 1.75
8.75 8.75	8.75 6.65
7.35 9.45	9.45 9.45
5.95 8.75	5.95 6.65
1.75 8.05	3.85 8.05
6.65 1.75	6.65 3.85
9.45 1.75	9.45 3.85
6.65 7.35	6.65 5.25
1.05 8.05	1.05 5.95
3.15 5.95	3.15 3.85
3.85 1.05	5.95 1.05
1.75 6.65	1.75 4.55
3.15 2.45	1.05 2.45
5.25 8.05	5.25 10.15
4.55 8.05	4.55 10.15
8.05 1.05	10.15 1.05
endplex
boundarywalls
endbound
