R
0.7
0.7
HV
15
15
1 1 1 1 1 1 1 1 1 1 1 1 1 1 1 
1 1 1 1 1 1 1 1 1 1 1 1 1 1 1 
1 1 1 1 1 1 1 1 1 1 1 1 1 1 1 
1 1 1 1 1 1 1 1 1 1 1 1 1 1 1 
1 1 1 1 1 1 1 1 1 1 1 1 1 1 1 
1 1 1 1 1 1 1 1 1 1 1 1 1 1 1 
1 1 1 1 1 1 1 1 1 1 1 1 1 1 1 
1 1 1 1 1 1 1 1 1 1 1 1 1 1 1 
1 1 1 1 1 1 1 1 1 1 1 1 1 1 1 
1 1 1 1 1 1 1 1 1 1 1 1 1 1 1 
1 1 1 1 1 1 1 1 1 1 1 1 1 1 1 
1 1 1 1 1 1 1 1 1 1 1 1 1 1 1 
1 1 1 1 1 1 1 1 1 1 1 1 1 1 1 
1 1 1 1 1 1 1 1 1 1 1 1 1 1 1 
1 1 1 1 1 1 1 1 1 1 1 1 1 1 1 
plexiglasswalls
5.25 6.65	5.25 5.95
4.55 5.25	4.55 4.55
3.85 3.85	4.55 3.85
1.75 9.45	1.75 10.15
6.65 6.65	5.95 6.65
4.55 1.05	4.55 1.75
9.45 5.95	9.45 6.65
1.05 5.95	1.05 5.25
7.35 7.35	7.35 8.05
3.15 2.45	3.15 3.15
1.05 4.55	0.35 4.55
9.45 1.75	9.45 1.05
1.05 3.15	0.35 3.15
5.25 1.75	5.25 1.05
7.35 1.75	7.35 1.05
endplex
boundarywalls
endbound
