R
0.7
2.8
HV
15
15
1 1 1 1 1 1 1 1 1 1 1 1 1 1 1 
1 1 1 1 1 1 1 1 1 1 1 1 1 1 1 
1 1 1 1 1 1 1 1 1 1 1 1 1 1 1 
1 1 1 1 1 1 1 1 1 1 1 1 1 1 1 
1 1 1 1 1 1 1 1 1 1 1 1 1 1 1 
1 1 1 1 1 1 1 1 1 1 1 1 1 1 1 
1 1 1 1 1 1 1 1 1 1 1 1 1 1 1 
1 1 1 1 1 1 1 1 1 1 1 1 1 1 1 
1 1 1 1 1 1 1 1 1 1 1 1 1 1 1 
1 1 1 1 1 1 1 1 1 1 1 1 1 1 1 
1 1 1 1 1 1 1 1 1 1 1 1 1 1 1 
1 1 1 1 1 1 1 1 1 1 1 1 1 1 1 
1 1 1 1 1 1 1 1 1 1 1 1 1 1 1 
1 1 1 1 1 1 1 1 1 1 1 1 1 1 1 
1 1 1 1 1 1 1 1 1 1 1 1 1 1 1 
plexiglasswalls
4.55 4.55	4.55 7.35
3.15 7.35	0.35 7.35
7.35 2.45	4.55 2.45
5.95 4.55	8.75 4.55
2.45 6.65	2.45 3.85
3.15 5.95	3.15 3.15
1.75 5.25	1.75 2.45
8.05 5.95	8.05 8.75
3.85 5.95	3.85 8.75
7.35 9.45	7.35 6.65
6.65 3.15	9.45 3.15
7.35 5.25	10.15 5.25
6.65 6.65	6.65 9.45
5.25 4.55	5.25 7.35
8.75 9.45	8.75 6.65
3.15 1.75	0.35 1.75
3.15 9.45	5.95 9.45
3.85 1.75	3.85 4.55
5.95 5.25	5.95 8.05
9.45 6.65	9.45 9.45
endplex
boundarywalls
endbound
