R
0.7
1.4
HV
15
15
1 1 1 1 1 1 1 1 1 1 1 1 1 1 1 
1 1 1 1 1 1 1 1 1 1 1 1 1 1 1 
1 1 1 1 1 1 1 1 1 1 1 1 1 1 1 
1 1 1 1 1 1 1 1 1 1 1 1 1 1 1 
1 1 1 1 1 1 1 1 1 1 1 1 1 1 1 
1 1 1 1 1 1 1 1 1 1 1 1 1 1 1 
1 1 1 1 1 1 1 1 1 1 1 1 1 1 1 
1 1 1 1 1 1 1 1 1 1 1 1 1 1 1 
1 1 1 1 1 1 1 1 1 1 1 1 1 1 1 
1 1 1 1 1 1 1 1 1 1 1 1 1 1 1 
1 1 1 1 1 1 1 1 1 1 1 1 1 1 1 
1 1 1 1 1 1 1 1 1 1 1 1 1 1 1 
1 1 1 1 1 1 1 1 1 1 1 1 1 1 1 
1 1 1 1 1 1 1 1 1 1 1 1 1 1 1 
1 1 1 1 1 1 1 1 1 1 1 1 1 1 1 
plexiglasswalls
5.25 5.25	5.25 3.85
1.05 4.55	1.05 5.95
8.75 4.55	10.15 4.55
8.75 8.05	8.75 9.45
4.55 3.15	4.55 1.75
2.45 1.75	2.45 3.15
7.35 9.45	7.35 8.05
8.75 5.25	8.75 6.65
5.95 3.15	7.35 3.15
3.85 6.65	5.25 6.65
4.55 1.05	5.95 1.05
1.75 1.05	0.35 1.05
6.65 5.25	6.65 3.85
5.95 8.75	5.95 7.35
8.05 8.75	8.05 10.15
7.35 6.65	7.35 5.25
2.45 8.05	3.85 8.05
2.45 9.45	3.85 9.45
8.75 2.45	8.75 3.85
3.15 3.85	3.15 5.25
endplex
boundarywalls
endbound
