R
0.7
1.4
HV
15
15
1 1 1 1 1 1 1 1 1 1 1 1 1 1 1 
1 1 1 1 1 1 1 1 1 1 1 1 1 1 1 
1 1 1 1 1 1 1 1 1 1 1 1 1 1 1 
1 1 1 1 1 1 1 1 1 1 1 1 1 1 1 
1 1 1 1 1 1 1 1 1 1 1 1 1 1 1 
1 1 1 1 1 1 1 1 1 1 1 1 1 1 1 
1 1 1 1 1 1 1 1 1 1 1 1 1 1 1 
1 1 1 1 1 1 1 1 1 1 1 1 1 1 1 
1 1 1 1 1 1 1 1 1 1 1 1 1 1 1 
1 1 1 1 1 1 1 1 1 1 1 1 1 1 1 
1 1 1 1 1 1 1 1 1 1 1 1 1 1 1 
1 1 1 1 1 1 1 1 1 1 1 1 1 1 1 
1 1 1 1 1 1 1 1 1 1 1 1 1 1 1 
1 1 1 1 1 1 1 1 1 1 1 1 1 1 1 
1 1 1 1 1 1 1 1 1 1 1 1 1 1 1 
plexiglasswalls
5.25 8.75	3.85 8.75
7.35 5.25	7.35 6.65
1.05 1.75	2.45 1.75
7.35 8.75	5.95 8.75
3.85 4.55	3.85 5.95
5.95 4.55	4.55 4.55
2.45 8.75	1.05 8.75
3.85 1.75	3.85 0.35
8.75 3.85	8.75 2.45
4.55 7.35	3.15 7.35
6.65 1.75	6.65 0.35
8.05 6.65	8.05 8.05
3.85 9.45	2.45 9.45
7.35 8.05	5.95 8.05
8.05 5.95	9.45 5.95
endplex
boundarywalls
endbound
