R
0.7
2.0999999999999996
HV
15
15
1 1 1 1 1 1 1 1 1 1 1 1 1 1 1 
1 1 1 1 1 1 1 1 1 1 1 1 1 1 1 
1 1 1 1 1 1 1 1 1 1 1 1 1 1 1 
1 1 1 1 1 1 1 1 1 1 1 1 1 1 1 
1 1 1 1 1 1 1 1 1 1 1 1 1 1 1 
1 1 1 1 1 1 1 1 1 1 1 1 1 1 1 
1 1 1 1 1 1 1 1 1 1 1 1 1 1 1 
1 1 1 1 1 1 1 1 1 1 1 1 1 1 1 
1 1 1 1 1 1 1 1 1 1 1 1 1 1 1 
1 1 1 1 1 1 1 1 1 1 1 1 1 1 1 
1 1 1 1 1 1 1 1 1 1 1 1 1 1 1 
1 1 1 1 1 1 1 1 1 1 1 1 1 1 1 
1 1 1 1 1 1 1 1 1 1 1 1 1 1 1 
1 1 1 1 1 1 1 1 1 1 1 1 1 1 1 
1 1 1 1 1 1 1 1 1 1 1 1 1 1 1 
plexiglasswalls
4.55 8.75	2.45 8.75
2.45 4.55	0.35 4.55
5.25 4.55	5.25 2.45
1.05 2.45	3.15 2.45
5.95 9.45	8.05 9.45
8.75 2.45	8.75 0.35
3.15 9.45	5.25 9.45
4.55 4.55	4.55 2.45
9.45 5.95	9.45 3.85
5.95 6.65	5.95 4.55
7.35 8.05	9.45 8.05
5.95 8.05	3.85 8.05
3.15 6.65	3.15 4.55
3.85 2.45	5.95 2.45
7.35 1.75	7.35 3.85
1.05 1.05	3.15 1.05
1.05 8.05	1.05 5.95
8.75 4.55	8.75 6.65
1.75 8.05	1.75 10.15
5.25 5.95	5.25 8.05
endplex
boundarywalls
endbound
