R
0.7
2.8
HV
15
15
1 1 1 1 1 1 1 1 1 1 1 1 1 1 1 
1 1 1 1 1 1 1 1 1 1 1 1 1 1 1 
1 1 1 1 1 1 1 1 1 1 1 1 1 1 1 
1 1 1 1 1 1 1 1 1 1 1 1 1 1 1 
1 1 1 1 1 1 1 1 1 1 1 1 1 1 1 
1 1 1 1 1 1 1 1 1 1 1 1 1 1 1 
1 1 1 1 1 1 1 1 1 1 1 1 1 1 1 
1 1 1 1 1 1 1 1 1 1 1 1 1 1 1 
1 1 1 1 1 1 1 1 1 1 1 1 1 1 1 
1 1 1 1 1 1 1 1 1 1 1 1 1 1 1 
1 1 1 1 1 1 1 1 1 1 1 1 1 1 1 
1 1 1 1 1 1 1 1 1 1 1 1 1 1 1 
1 1 1 1 1 1 1 1 1 1 1 1 1 1 1 
1 1 1 1 1 1 1 1 1 1 1 1 1 1 1 
1 1 1 1 1 1 1 1 1 1 1 1 1 1 1 
plexiglasswalls
3.85 4.55	3.85 7.35
4.55 3.15	1.75 3.15
8.05 5.25	8.05 8.05
7.35 8.05	4.55 8.05
2.45 9.45	2.45 6.65
4.55 6.65	7.35 6.65
3.15 3.85	0.35 3.85
8.75 3.85	8.75 1.05
2.45 3.15	2.45 0.35
3.15 7.35	3.15 4.55
8.05 3.15	8.05 0.35
5.25 1.05	8.05 1.05
4.55 4.55	7.35 4.55
1.05 4.55	1.05 7.35
3.85 9.45	6.65 9.45
3.15 1.75	5.95 1.75
9.45 9.45	9.45 6.65
5.25 3.85	8.05 3.85
4.55 7.35	7.35 7.35
4.55 5.95	7.35 5.95
endplex
boundarywalls
endbound
