R
0.7
2.0999999999999996
HV
15
15
1 1 1 1 1 1 1 1 1 1 1 1 1 1 1 
1 1 1 1 1 1 1 1 1 1 1 1 1 1 1 
1 1 1 1 1 1 1 1 1 1 1 1 1 1 1 
1 1 1 1 1 1 1 1 1 1 1 1 1 1 1 
1 1 1 1 1 1 1 1 1 1 1 1 1 1 1 
1 1 1 1 1 1 1 1 1 1 1 1 1 1 1 
1 1 1 1 1 1 1 1 1 1 1 1 1 1 1 
1 1 1 1 1 1 1 1 1 1 1 1 1 1 1 
1 1 1 1 1 1 1 1 1 1 1 1 1 1 1 
1 1 1 1 1 1 1 1 1 1 1 1 1 1 1 
1 1 1 1 1 1 1 1 1 1 1 1 1 1 1 
1 1 1 1 1 1 1 1 1 1 1 1 1 1 1 
1 1 1 1 1 1 1 1 1 1 1 1 1 1 1 
1 1 1 1 1 1 1 1 1 1 1 1 1 1 1 
1 1 1 1 1 1 1 1 1 1 1 1 1 1 1 
plexiglasswalls
6.65 2.45	6.65 4.55
1.05 5.25	3.15 5.25
9.45 4.55	9.45 6.65
8.75 4.55	8.75 6.65
3.85 8.75	1.75 8.75
8.05 8.75	5.95 8.75
7.35 3.85	7.35 5.95
5.25 9.45	7.35 9.45
4.55 9.45	2.45 9.45
5.95 6.65	8.05 6.65
3.15 8.05	3.15 5.95
3.85 1.05	1.75 1.05
4.55 8.05	4.55 5.95
5.95 1.75	8.05 1.75
9.45 7.35	7.35 7.35
2.45 3.15	4.55 3.15
1.75 8.05	1.75 5.95
8.05 3.15	8.05 5.25
5.25 4.55	3.15 4.55
1.05 4.55	1.05 2.45
endplex
boundarywalls
endbound
