R
0.7
2.8
HV
15
15
1 1 1 1 1 1 1 1 1 1 1 1 1 1 1 
1 1 1 1 1 1 1 1 1 1 1 1 1 1 1 
1 1 1 1 1 1 1 1 1 1 1 1 1 1 1 
1 1 1 1 1 1 1 1 1 1 1 1 1 1 1 
1 1 1 1 1 1 1 1 1 1 1 1 1 1 1 
1 1 1 1 1 1 1 1 1 1 1 1 1 1 1 
1 1 1 1 1 1 1 1 1 1 1 1 1 1 1 
1 1 1 1 1 1 1 1 1 1 1 1 1 1 1 
1 1 1 1 1 1 1 1 1 1 1 1 1 1 1 
1 1 1 1 1 1 1 1 1 1 1 1 1 1 1 
1 1 1 1 1 1 1 1 1 1 1 1 1 1 1 
1 1 1 1 1 1 1 1 1 1 1 1 1 1 1 
1 1 1 1 1 1 1 1 1 1 1 1 1 1 1 
1 1 1 1 1 1 1 1 1 1 1 1 1 1 1 
1 1 1 1 1 1 1 1 1 1 1 1 1 1 1 
plexiglasswalls
4.55 8.05	7.35 8.05
6.65 1.05	6.65 3.85
5.25 8.75	2.45 8.75
3.85 5.25	1.05 5.25
4.55 1.05	4.55 3.85
1.05 1.05	1.05 3.85
7.35 5.95	4.55 5.95
2.45 1.75	2.45 4.55
8.75 5.25	8.75 2.45
5.25 1.05	5.25 3.85
4.55 5.25	7.35 5.25
1.05 5.95	3.85 5.95
7.35 8.75	10.15 8.75
8.05 5.95	8.05 3.15
4.55 7.35	4.55 4.55
3.15 7.35	0.35 7.35
3.85 6.65	1.05 6.65
1.75 9.45	4.55 9.45
7.35 7.35	10.15 7.35
5.95 3.15	5.95 0.35
endplex
boundarywalls
endbound
