R
0.7
1.4
HV
15
15
1 1 1 1 1 1 1 1 1 1 1 1 1 1 1 
1 1 1 1 1 1 1 1 1 1 1 1 1 1 1 
1 1 1 1 1 1 1 1 1 1 1 1 1 1 1 
1 1 1 1 1 1 1 1 1 1 1 1 1 1 1 
1 1 1 1 1 1 1 1 1 1 1 1 1 1 1 
1 1 1 1 1 1 1 1 1 1 1 1 1 1 1 
1 1 1 1 1 1 1 1 1 1 1 1 1 1 1 
1 1 1 1 1 1 1 1 1 1 1 1 1 1 1 
1 1 1 1 1 1 1 1 1 1 1 1 1 1 1 
1 1 1 1 1 1 1 1 1 1 1 1 1 1 1 
1 1 1 1 1 1 1 1 1 1 1 1 1 1 1 
1 1 1 1 1 1 1 1 1 1 1 1 1 1 1 
1 1 1 1 1 1 1 1 1 1 1 1 1 1 1 
1 1 1 1 1 1 1 1 1 1 1 1 1 1 1 
1 1 1 1 1 1 1 1 1 1 1 1 1 1 1 
plexiglasswalls
6.65 4.55	8.05 4.55
2.45 8.75	3.85 8.75
5.95 8.05	7.35 8.05
5.25 9.45	3.85 9.45
8.75 3.85	10.15 3.85
5.25 1.05	3.85 1.05
5.95 8.75	5.95 10.15
4.55 5.95	4.55 7.35
9.45 1.75	9.45 0.35
3.15 3.85	3.15 2.45
5.95 1.75	5.95 0.35
4.55 3.85	5.95 3.85
3.15 5.95	1.75 5.95
5.95 4.55	5.95 5.95
8.05 9.45	9.45 9.45
endplex
boundarywalls
endbound
