R
0.7
2.8
HV
15
15
1 1 1 1 1 1 1 1 1 1 1 1 1 1 1 
1 1 1 1 1 1 1 1 1 1 1 1 1 1 1 
1 1 1 1 1 1 1 1 1 1 1 1 1 1 1 
1 1 1 1 1 1 1 1 1 1 1 1 1 1 1 
1 1 1 1 1 1 1 1 1 1 1 1 1 1 1 
1 1 1 1 1 1 1 1 1 1 1 1 1 1 1 
1 1 1 1 1 1 1 1 1 1 1 1 1 1 1 
1 1 1 1 1 1 1 1 1 1 1 1 1 1 1 
1 1 1 1 1 1 1 1 1 1 1 1 1 1 1 
1 1 1 1 1 1 1 1 1 1 1 1 1 1 1 
1 1 1 1 1 1 1 1 1 1 1 1 1 1 1 
1 1 1 1 1 1 1 1 1 1 1 1 1 1 1 
1 1 1 1 1 1 1 1 1 1 1 1 1 1 1 
1 1 1 1 1 1 1 1 1 1 1 1 1 1 1 
1 1 1 1 1 1 1 1 1 1 1 1 1 1 1 
plexiglasswalls
3.85 1.05	3.85 3.85
3.85 4.55	3.85 7.35
4.55 1.05	4.55 3.85
2.45 5.95	2.45 8.75
9.45 3.15	9.45 0.35
8.05 5.95	5.25 5.95
5.95 8.75	8.75 8.75
5.95 3.15	8.75 3.15
5.25 1.05	8.05 1.05
3.15 5.95	3.15 3.15
3.15 9.45	3.15 6.65
1.05 9.45	1.05 6.65
8.05 8.05	5.25 8.05
8.05 6.65	5.25 6.65
1.05 5.25	1.05 2.45
2.45 5.25	2.45 2.45
5.25 9.45	8.05 9.45
9.45 7.35	9.45 4.55
5.25 3.15	5.25 0.35
1.75 8.05	1.75 5.25
endplex
boundarywalls
endbound
