R
0.7
2.8
HV
15
15
1 1 1 1 1 1 1 1 1 1 1 1 1 1 1 
1 1 1 1 1 1 1 1 1 1 1 1 1 1 1 
1 1 1 1 1 1 1 1 1 1 1 1 1 1 1 
1 1 1 1 1 1 1 1 1 1 1 1 1 1 1 
1 1 1 1 1 1 1 1 1 1 1 1 1 1 1 
1 1 1 1 1 1 1 1 1 1 1 1 1 1 1 
1 1 1 1 1 1 1 1 1 1 1 1 1 1 1 
1 1 1 1 1 1 1 1 1 1 1 1 1 1 1 
1 1 1 1 1 1 1 1 1 1 1 1 1 1 1 
1 1 1 1 1 1 1 1 1 1 1 1 1 1 1 
1 1 1 1 1 1 1 1 1 1 1 1 1 1 1 
1 1 1 1 1 1 1 1 1 1 1 1 1 1 1 
1 1 1 1 1 1 1 1 1 1 1 1 1 1 1 
1 1 1 1 1 1 1 1 1 1 1 1 1 1 1 
1 1 1 1 1 1 1 1 1 1 1 1 1 1 1 
plexiglasswalls
5.25 8.75	2.45 8.75
5.95 3.85	3.15 3.85
3.15 5.25	3.15 8.05
9.45 7.35	6.65 7.35
8.75 4.55	8.75 1.75
6.65 5.95	9.45 5.95
7.35 2.45	7.35 5.25
7.35 1.05	4.55 1.05
1.05 6.65	1.05 9.45
4.55 3.15	4.55 0.35
5.25 5.25	5.25 8.05
2.45 5.95	2.45 3.15
8.05 1.75	8.05 4.55
6.65 9.45	6.65 6.65
1.75 5.25	1.75 8.05
endplex
boundarywalls
endbound
