R
0.7
2.8
HV
15
15
1 1 1 1 1 1 1 1 1 1 1 1 1 1 1 
1 1 1 1 1 1 1 1 1 1 1 1 1 1 1 
1 1 1 1 1 1 1 1 1 1 1 1 1 1 1 
1 1 1 1 1 1 1 1 1 1 1 1 1 1 1 
1 1 1 1 1 1 1 1 1 1 1 1 1 1 1 
1 1 1 1 1 1 1 1 1 1 1 1 1 1 1 
1 1 1 1 1 1 1 1 1 1 1 1 1 1 1 
1 1 1 1 1 1 1 1 1 1 1 1 1 1 1 
1 1 1 1 1 1 1 1 1 1 1 1 1 1 1 
1 1 1 1 1 1 1 1 1 1 1 1 1 1 1 
1 1 1 1 1 1 1 1 1 1 1 1 1 1 1 
1 1 1 1 1 1 1 1 1 1 1 1 1 1 1 
1 1 1 1 1 1 1 1 1 1 1 1 1 1 1 
1 1 1 1 1 1 1 1 1 1 1 1 1 1 1 
1 1 1 1 1 1 1 1 1 1 1 1 1 1 1 
plexiglasswalls
1.05 6.65	3.85 6.65
6.65 3.15	6.65 0.35
4.55 1.05	1.75 1.05
5.95 3.15	5.95 5.95
3.15 1.75	5.95 1.75
4.55 8.75	7.35 8.75
1.75 2.45	4.55 2.45
4.55 7.35	4.55 4.55
8.75 5.25	5.95 5.25
9.45 7.35	6.65 7.35
1.75 3.15	1.75 5.95
3.85 3.15	3.85 5.95
5.25 6.65	8.05 6.65
9.45 2.45	6.65 2.45
2.45 5.95	2.45 3.15
endplex
boundarywalls
endbound
