R
0.7
0.7
HV
15
15
1 1 1 1 1 1 1 1 1 1 1 1 1 1 1 
1 1 1 1 1 1 1 1 1 1 1 1 1 1 1 
1 1 1 1 1 1 1 1 1 1 1 1 1 1 1 
1 1 1 1 1 1 1 1 1 1 1 1 1 1 1 
1 1 1 1 1 1 1 1 1 1 1 1 1 1 1 
1 1 1 1 1 1 1 1 1 1 1 1 1 1 1 
1 1 1 1 1 1 1 1 1 1 1 1 1 1 1 
1 1 1 1 1 1 1 1 1 1 1 1 1 1 1 
1 1 1 1 1 1 1 1 1 1 1 1 1 1 1 
1 1 1 1 1 1 1 1 1 1 1 1 1 1 1 
1 1 1 1 1 1 1 1 1 1 1 1 1 1 1 
1 1 1 1 1 1 1 1 1 1 1 1 1 1 1 
1 1 1 1 1 1 1 1 1 1 1 1 1 1 1 
1 1 1 1 1 1 1 1 1 1 1 1 1 1 1 
1 1 1 1 1 1 1 1 1 1 1 1 1 1 1 
plexiglasswalls
9.45 5.25	10.15 5.25
2.45 5.95	1.75 5.95
3.85 5.95	4.55 5.95
8.75 4.55	8.05 4.55
4.55 6.65	5.25 6.65
7.35 7.35	6.65 7.35
1.05 7.35	0.35 7.35
7.35 8.75	7.35 8.05
2.45 5.25	2.45 4.55
5.95 5.25	5.25 5.25
6.65 1.05	7.35 1.05
4.55 8.05	4.55 8.75
5.25 9.45	5.25 8.75
5.25 4.55	5.95 4.55
9.45 6.65	9.45 7.35
3.15 6.65	3.85 6.65
2.45 3.15	1.75 3.15
3.15 8.75	3.15 8.05
1.05 3.15	1.05 2.45
5.25 2.45	5.25 1.75
endplex
boundarywalls
endbound
