R
0.7
2.0999999999999996
HV
15
15
1 1 1 1 1 1 1 1 1 1 1 1 1 1 1 
1 1 1 1 1 1 1 1 1 1 1 1 1 1 1 
1 1 1 1 1 1 1 1 1 1 1 1 1 1 1 
1 1 1 1 1 1 1 1 1 1 1 1 1 1 1 
1 1 1 1 1 1 1 1 1 1 1 1 1 1 1 
1 1 1 1 1 1 1 1 1 1 1 1 1 1 1 
1 1 1 1 1 1 1 1 1 1 1 1 1 1 1 
1 1 1 1 1 1 1 1 1 1 1 1 1 1 1 
1 1 1 1 1 1 1 1 1 1 1 1 1 1 1 
1 1 1 1 1 1 1 1 1 1 1 1 1 1 1 
1 1 1 1 1 1 1 1 1 1 1 1 1 1 1 
1 1 1 1 1 1 1 1 1 1 1 1 1 1 1 
1 1 1 1 1 1 1 1 1 1 1 1 1 1 1 
1 1 1 1 1 1 1 1 1 1 1 1 1 1 1 
1 1 1 1 1 1 1 1 1 1 1 1 1 1 1 
plexiglasswalls
5.25 6.65	5.25 8.75
5.95 2.45	8.05 2.45
7.35 1.75	9.45 1.75
8.05 5.25	8.05 7.35
1.05 2.45	1.05 4.55
1.75 1.05	1.75 3.15
7.35 4.55	7.35 2.45
3.15 2.45	5.25 2.45
1.05 7.35	3.15 7.35
6.65 1.05	4.55 1.05
3.85 5.95	3.85 3.85
8.75 5.25	8.75 3.15
2.45 3.85	2.45 5.95
6.65 7.35	6.65 5.25
7.35 7.35	9.45 7.35
endplex
boundarywalls
endbound
