R
0.7
0.7
HV
15
15
1 1 1 1 1 1 1 1 1 1 1 1 1 1 1 
1 1 1 1 1 1 1 1 1 1 1 1 1 1 1 
1 1 1 1 1 1 1 1 1 1 1 1 1 1 1 
1 1 1 1 1 1 1 1 1 1 1 1 1 1 1 
1 1 1 1 1 1 1 1 1 1 1 1 1 1 1 
1 1 1 1 1 1 1 1 1 1 1 1 1 1 1 
1 1 1 1 1 1 1 1 1 1 1 1 1 1 1 
1 1 1 1 1 1 1 1 1 1 1 1 1 1 1 
1 1 1 1 1 1 1 1 1 1 1 1 1 1 1 
1 1 1 1 1 1 1 1 1 1 1 1 1 1 1 
1 1 1 1 1 1 1 1 1 1 1 1 1 1 1 
1 1 1 1 1 1 1 1 1 1 1 1 1 1 1 
1 1 1 1 1 1 1 1 1 1 1 1 1 1 1 
1 1 1 1 1 1 1 1 1 1 1 1 1 1 1 
1 1 1 1 1 1 1 1 1 1 1 1 1 1 1 
plexiglasswalls
9.45 1.05	9.45 1.75
5.25 8.75	5.95 8.75
3.15 4.55	2.45 4.55
3.85 3.85	3.85 4.55
8.75 7.35	8.75 6.65
5.95 3.15	5.25 3.15
8.05 7.35	8.05 6.65
8.05 3.15	8.05 2.45
9.45 8.05	10.15 8.05
5.95 9.45	6.65 9.45
3.85 1.75	3.85 1.05
2.45 8.05	3.15 8.05
1.75 8.05	1.75 8.75
1.05 3.85	1.05 4.55
4.55 9.45	3.85 9.45
endplex
boundarywalls
endbound
