R
0.7
1.4
HV
15
15
1 1 1 1 1 1 1 1 1 1 1 1 1 1 1 
1 1 1 1 1 1 1 1 1 1 1 1 1 1 1 
1 1 1 1 1 1 1 1 1 1 1 1 1 1 1 
1 1 1 1 1 1 1 1 1 1 1 1 1 1 1 
1 1 1 1 1 1 1 1 1 1 1 1 1 1 1 
1 1 1 1 1 1 1 1 1 1 1 1 1 1 1 
1 1 1 1 1 1 1 1 1 1 1 1 1 1 1 
1 1 1 1 1 1 1 1 1 1 1 1 1 1 1 
1 1 1 1 1 1 1 1 1 1 1 1 1 1 1 
1 1 1 1 1 1 1 1 1 1 1 1 1 1 1 
1 1 1 1 1 1 1 1 1 1 1 1 1 1 1 
1 1 1 1 1 1 1 1 1 1 1 1 1 1 1 
1 1 1 1 1 1 1 1 1 1 1 1 1 1 1 
1 1 1 1 1 1 1 1 1 1 1 1 1 1 1 
1 1 1 1 1 1 1 1 1 1 1 1 1 1 1 
plexiglasswalls
6.65 8.75	6.65 10.15
8.75 1.05	10.15 1.05
1.05 3.85	1.05 2.45
8.75 9.45	7.35 9.45
2.45 1.05	3.85 1.05
1.75 9.45	1.75 8.05
6.65 4.55	6.65 5.95
3.85 9.45	5.25 9.45
7.35 3.15	7.35 4.55
9.45 7.35	9.45 5.95
8.05 3.15	8.05 4.55
6.65 8.05	8.05 8.05
2.45 8.75	3.85 8.75
5.25 8.75	5.25 7.35
5.25 3.15	6.65 3.15
endplex
boundarywalls
endbound
