R
0.7
0.7
HV
15
15
1 1 1 1 1 1 1 1 1 1 1 1 1 1 1 
1 1 1 1 1 1 1 1 1 1 1 1 1 1 1 
1 1 1 1 1 1 1 1 1 1 1 1 1 1 1 
1 1 1 1 1 1 1 1 1 1 1 1 1 1 1 
1 1 1 1 1 1 1 1 1 1 1 1 1 1 1 
1 1 1 1 1 1 1 1 1 1 1 1 1 1 1 
1 1 1 1 1 1 1 1 1 1 1 1 1 1 1 
1 1 1 1 1 1 1 1 1 1 1 1 1 1 1 
1 1 1 1 1 1 1 1 1 1 1 1 1 1 1 
1 1 1 1 1 1 1 1 1 1 1 1 1 1 1 
1 1 1 1 1 1 1 1 1 1 1 1 1 1 1 
1 1 1 1 1 1 1 1 1 1 1 1 1 1 1 
1 1 1 1 1 1 1 1 1 1 1 1 1 1 1 
1 1 1 1 1 1 1 1 1 1 1 1 1 1 1 
1 1 1 1 1 1 1 1 1 1 1 1 1 1 1 
plexiglasswalls
8.75 6.65	8.05 6.65
2.45 8.05	2.45 7.35
6.65 1.05	6.65 0.35
5.25 3.15	5.95 3.15
5.95 5.95	5.25 5.95
6.65 3.15	6.65 3.85
1.05 9.45	1.75 9.45
5.25 2.45	5.95 2.45
3.15 5.95	3.85 5.95
3.15 4.55	3.85 4.55
9.45 4.55	10.15 4.55
8.75 5.25	8.05 5.25
6.65 8.05	7.35 8.05
1.05 5.95	1.75 5.95
1.05 4.55	1.75 4.55
endplex
boundarywalls
endbound
