R
0.7
0.7
HV
15
15
1 1 1 1 1 1 1 1 1 1 1 1 1 1 1 
1 1 1 1 1 1 1 1 1 1 1 1 1 1 1 
1 1 1 1 1 1 1 1 1 1 1 1 1 1 1 
1 1 1 1 1 1 1 1 1 1 1 1 1 1 1 
1 1 1 1 1 1 1 1 1 1 1 1 1 1 1 
1 1 1 1 1 1 1 1 1 1 1 1 1 1 1 
1 1 1 1 1 1 1 1 1 1 1 1 1 1 1 
1 1 1 1 1 1 1 1 1 1 1 1 1 1 1 
1 1 1 1 1 1 1 1 1 1 1 1 1 1 1 
1 1 1 1 1 1 1 1 1 1 1 1 1 1 1 
1 1 1 1 1 1 1 1 1 1 1 1 1 1 1 
1 1 1 1 1 1 1 1 1 1 1 1 1 1 1 
1 1 1 1 1 1 1 1 1 1 1 1 1 1 1 
1 1 1 1 1 1 1 1 1 1 1 1 1 1 1 
1 1 1 1 1 1 1 1 1 1 1 1 1 1 1 
plexiglasswalls
8.75 1.75	8.75 1.05
4.55 5.25	4.55 5.95
5.95 7.35	6.65 7.35
7.35 1.75	7.35 1.05
9.45 5.25	9.45 5.95
5.95 5.25	5.25 5.25
2.45 3.15	2.45 2.45
3.15 8.05	2.45 8.05
9.45 7.35	9.45 8.05
5.25 1.75	5.25 2.45
8.05 2.45	8.05 3.15
1.05 5.95	1.05 6.65
3.15 4.55	3.85 4.55
3.85 7.35	3.15 7.35
8.05 1.05	8.05 0.35
endplex
boundarywalls
endbound
