R
0.7
2.8
HV
15
15
1 1 1 1 1 1 1 1 1 1 1 1 1 1 1 
1 1 1 1 1 1 1 1 1 1 1 1 1 1 1 
1 1 1 1 1 1 1 1 1 1 1 1 1 1 1 
1 1 1 1 1 1 1 1 1 1 1 1 1 1 1 
1 1 1 1 1 1 1 1 1 1 1 1 1 1 1 
1 1 1 1 1 1 1 1 1 1 1 1 1 1 1 
1 1 1 1 1 1 1 1 1 1 1 1 1 1 1 
1 1 1 1 1 1 1 1 1 1 1 1 1 1 1 
1 1 1 1 1 1 1 1 1 1 1 1 1 1 1 
1 1 1 1 1 1 1 1 1 1 1 1 1 1 1 
1 1 1 1 1 1 1 1 1 1 1 1 1 1 1 
1 1 1 1 1 1 1 1 1 1 1 1 1 1 1 
1 1 1 1 1 1 1 1 1 1 1 1 1 1 1 
1 1 1 1 1 1 1 1 1 1 1 1 1 1 1 
1 1 1 1 1 1 1 1 1 1 1 1 1 1 1 
plexiglasswalls
8.75 8.05	5.95 8.05
4.55 3.85	4.55 6.65
1.75 1.05	4.55 1.05
1.05 5.25	3.85 5.25
1.05 1.75	3.85 1.75
9.45 5.95	9.45 8.75
6.65 3.15	6.65 5.95
5.95 3.85	5.95 6.65
9.45 2.45	9.45 5.25
2.45 7.35	5.25 7.35
8.05 5.95	8.05 3.15
6.65 1.75	9.45 1.75
3.15 2.45	5.95 2.45
3.85 8.05	1.05 8.05
3.85 8.75	1.05 8.75
8.75 9.45	5.95 9.45
3.15 9.45	0.35 9.45
8.75 8.75	5.95 8.75
3.15 5.95	0.35 5.95
1.05 6.65	3.85 6.65
endplex
boundarywalls
endbound
