R
0.7
1.4
HV
15
15
1 1 1 1 1 1 1 1 1 1 1 1 1 1 1 
1 1 1 1 1 1 1 1 1 1 1 1 1 1 1 
1 1 1 1 1 1 1 1 1 1 1 1 1 1 1 
1 1 1 1 1 1 1 1 1 1 1 1 1 1 1 
1 1 1 1 1 1 1 1 1 1 1 1 1 1 1 
1 1 1 1 1 1 1 1 1 1 1 1 1 1 1 
1 1 1 1 1 1 1 1 1 1 1 1 1 1 1 
1 1 1 1 1 1 1 1 1 1 1 1 1 1 1 
1 1 1 1 1 1 1 1 1 1 1 1 1 1 1 
1 1 1 1 1 1 1 1 1 1 1 1 1 1 1 
1 1 1 1 1 1 1 1 1 1 1 1 1 1 1 
1 1 1 1 1 1 1 1 1 1 1 1 1 1 1 
1 1 1 1 1 1 1 1 1 1 1 1 1 1 1 
1 1 1 1 1 1 1 1 1 1 1 1 1 1 1 
1 1 1 1 1 1 1 1 1 1 1 1 1 1 1 
plexiglasswalls
3.85 2.45	3.85 3.85
1.05 3.15	1.05 1.75
1.05 2.45	2.45 2.45
5.95 6.65	4.55 6.65
9.45 3.15	9.45 4.55
4.55 3.15	4.55 1.75
3.15 7.35	4.55 7.35
7.35 9.45	8.75 9.45
2.45 8.05	1.05 8.05
2.45 6.65	2.45 5.25
7.35 8.05	8.75 8.05
1.05 4.55	2.45 4.55
7.35 5.25	5.95 5.25
3.15 8.05	4.55 8.05
6.65 4.55	5.25 4.55
endplex
boundarywalls
endbound
