R
0.7
2.8
HV
15
15
1 1 1 1 1 1 1 1 1 1 1 1 1 1 1 
1 1 1 1 1 1 1 1 1 1 1 1 1 1 1 
1 1 1 1 1 1 1 1 1 1 1 1 1 1 1 
1 1 1 1 1 1 1 1 1 1 1 1 1 1 1 
1 1 1 1 1 1 1 1 1 1 1 1 1 1 1 
1 1 1 1 1 1 1 1 1 1 1 1 1 1 1 
1 1 1 1 1 1 1 1 1 1 1 1 1 1 1 
1 1 1 1 1 1 1 1 1 1 1 1 1 1 1 
1 1 1 1 1 1 1 1 1 1 1 1 1 1 1 
1 1 1 1 1 1 1 1 1 1 1 1 1 1 1 
1 1 1 1 1 1 1 1 1 1 1 1 1 1 1 
1 1 1 1 1 1 1 1 1 1 1 1 1 1 1 
1 1 1 1 1 1 1 1 1 1 1 1 1 1 1 
1 1 1 1 1 1 1 1 1 1 1 1 1 1 1 
1 1 1 1 1 1 1 1 1 1 1 1 1 1 1 
plexiglasswalls
6.65 3.85	6.65 1.05
9.45 1.05	9.45 3.85
7.35 5.95	7.35 8.75
5.25 5.25	8.05 5.25
4.55 9.45	7.35 9.45
3.85 7.35	6.65 7.35
3.85 1.05	1.05 1.05
9.45 5.95	9.45 8.75
3.15 7.35	0.35 7.35
4.55 5.25	4.55 2.45
7.35 4.55	7.35 1.75
1.75 6.65	4.55 6.65
2.45 8.75	5.25 8.75
1.05 3.85	3.85 3.85
8.75 8.75	8.75 5.95
8.05 7.35	8.05 10.15
5.25 4.55	5.25 1.75
3.85 4.55	1.05 4.55
8.05 3.15	8.05 0.35
3.85 1.75	1.05 1.75
endplex
boundarywalls
endbound
