R
0.7
2.0999999999999996
HV
15
15
1 1 1 1 1 1 1 1 1 1 1 1 1 1 1 
1 1 1 1 1 1 1 1 1 1 1 1 1 1 1 
1 1 1 1 1 1 1 1 1 1 1 1 1 1 1 
1 1 1 1 1 1 1 1 1 1 1 1 1 1 1 
1 1 1 1 1 1 1 1 1 1 1 1 1 1 1 
1 1 1 1 1 1 1 1 1 1 1 1 1 1 1 
1 1 1 1 1 1 1 1 1 1 1 1 1 1 1 
1 1 1 1 1 1 1 1 1 1 1 1 1 1 1 
1 1 1 1 1 1 1 1 1 1 1 1 1 1 1 
1 1 1 1 1 1 1 1 1 1 1 1 1 1 1 
1 1 1 1 1 1 1 1 1 1 1 1 1 1 1 
1 1 1 1 1 1 1 1 1 1 1 1 1 1 1 
1 1 1 1 1 1 1 1 1 1 1 1 1 1 1 
1 1 1 1 1 1 1 1 1 1 1 1 1 1 1 
1 1 1 1 1 1 1 1 1 1 1 1 1 1 1 
plexiglasswalls
5.25 3.85	5.25 5.95
3.85 6.65	5.95 6.65
2.45 8.05	0.35 8.05
8.05 9.45	8.05 7.35
9.45 1.05	7.35 1.05
9.45 7.35	9.45 9.45
9.45 5.95	7.35 5.95
3.15 7.35	1.05 7.35
3.15 1.05	1.05 1.05
8.75 8.05	8.75 10.15
6.65 3.15	8.75 3.15
4.55 8.05	4.55 10.15
7.35 7.35	7.35 9.45
3.85 2.45	3.85 0.35
4.55 5.95	4.55 3.85
endplex
boundarywalls
endbound
