R
0.7
1.4
HV
15
15
1 1 1 1 1 1 1 1 1 1 1 1 1 1 1 
1 1 1 1 1 1 1 1 1 1 1 1 1 1 1 
1 1 1 1 1 1 1 1 1 1 1 1 1 1 1 
1 1 1 1 1 1 1 1 1 1 1 1 1 1 1 
1 1 1 1 1 1 1 1 1 1 1 1 1 1 1 
1 1 1 1 1 1 1 1 1 1 1 1 1 1 1 
1 1 1 1 1 1 1 1 1 1 1 1 1 1 1 
1 1 1 1 1 1 1 1 1 1 1 1 1 1 1 
1 1 1 1 1 1 1 1 1 1 1 1 1 1 1 
1 1 1 1 1 1 1 1 1 1 1 1 1 1 1 
1 1 1 1 1 1 1 1 1 1 1 1 1 1 1 
1 1 1 1 1 1 1 1 1 1 1 1 1 1 1 
1 1 1 1 1 1 1 1 1 1 1 1 1 1 1 
1 1 1 1 1 1 1 1 1 1 1 1 1 1 1 
1 1 1 1 1 1 1 1 1 1 1 1 1 1 1 
plexiglasswalls
4.55 9.45	5.95 9.45
6.65 1.05	6.65 2.45
2.45 7.35	1.05 7.35
8.75 4.55	7.35 4.55
3.15 1.05	4.55 1.05
8.05 9.45	8.05 8.05
1.75 8.75	1.75 10.15
5.95 5.25	5.95 3.85
2.45 2.45	1.05 2.45
9.45 1.75	8.05 1.75
5.95 6.65	5.95 8.05
5.25 3.85	5.25 2.45
1.05 1.75	2.45 1.75
3.15 1.75	4.55 1.75
6.65 5.25	8.05 5.25
endplex
boundarywalls
endbound
