R
0.7
2.0999999999999996
HV
15
15
1 1 1 1 1 1 1 1 1 1 1 1 1 1 1 
1 1 1 1 1 1 1 1 1 1 1 1 1 1 1 
1 1 1 1 1 1 1 1 1 1 1 1 1 1 1 
1 1 1 1 1 1 1 1 1 1 1 1 1 1 1 
1 1 1 1 1 1 1 1 1 1 1 1 1 1 1 
1 1 1 1 1 1 1 1 1 1 1 1 1 1 1 
1 1 1 1 1 1 1 1 1 1 1 1 1 1 1 
1 1 1 1 1 1 1 1 1 1 1 1 1 1 1 
1 1 1 1 1 1 1 1 1 1 1 1 1 1 1 
1 1 1 1 1 1 1 1 1 1 1 1 1 1 1 
1 1 1 1 1 1 1 1 1 1 1 1 1 1 1 
1 1 1 1 1 1 1 1 1 1 1 1 1 1 1 
1 1 1 1 1 1 1 1 1 1 1 1 1 1 1 
1 1 1 1 1 1 1 1 1 1 1 1 1 1 1 
1 1 1 1 1 1 1 1 1 1 1 1 1 1 1 
plexiglasswalls
9.45 3.85	9.45 1.75
3.85 2.45	3.85 4.55
3.15 5.25	3.15 7.35
4.55 1.75	4.55 3.85
3.85 8.75	3.85 6.65
4.55 7.35	4.55 5.25
5.25 6.65	5.25 8.75
7.35 5.95	7.35 3.85
2.45 2.45	0.35 2.45
5.25 5.95	5.25 3.85
8.75 7.35	8.75 9.45
6.65 8.05	6.65 5.95
5.95 4.55	5.95 2.45
5.95 9.45	3.85 9.45
9.45 6.65	9.45 8.75
5.25 2.45	5.25 0.35
6.65 1.75	8.75 1.75
1.75 6.65	1.75 4.55
8.75 6.65	6.65 6.65
8.05 8.05	8.05 10.15
endplex
boundarywalls
endbound
