R
0.7
0.7
HV
15
15
1 1 1 1 1 1 1 1 1 1 1 1 1 1 1 
1 1 1 1 1 1 1 1 1 1 1 1 1 1 1 
1 1 1 1 1 1 1 1 1 1 1 1 1 1 1 
1 1 1 1 1 1 1 1 1 1 1 1 1 1 1 
1 1 1 1 1 1 1 1 1 1 1 1 1 1 1 
1 1 1 1 1 1 1 1 1 1 1 1 1 1 1 
1 1 1 1 1 1 1 1 1 1 1 1 1 1 1 
1 1 1 1 1 1 1 1 1 1 1 1 1 1 1 
1 1 1 1 1 1 1 1 1 1 1 1 1 1 1 
1 1 1 1 1 1 1 1 1 1 1 1 1 1 1 
1 1 1 1 1 1 1 1 1 1 1 1 1 1 1 
1 1 1 1 1 1 1 1 1 1 1 1 1 1 1 
1 1 1 1 1 1 1 1 1 1 1 1 1 1 1 
1 1 1 1 1 1 1 1 1 1 1 1 1 1 1 
1 1 1 1 1 1 1 1 1 1 1 1 1 1 1 
plexiglasswalls
1.05 8.75	1.05 8.05
6.65 9.45	7.35 9.45
8.05 1.75	7.35 1.75
2.45 9.45	3.15 9.45
3.15 8.05	2.45 8.05
2.45 6.65	1.75 6.65
7.35 5.25	7.35 4.55
6.65 1.75	5.95 1.75
3.15 1.75	2.45 1.75
6.65 7.35	7.35 7.35
5.25 9.45	5.25 10.15
1.75 5.25	1.05 5.25
1.75 2.45	2.45 2.45
7.35 8.05	7.35 8.75
1.05 7.35	1.75 7.35
8.75 1.75	8.75 1.05
5.95 1.05	5.95 0.35
1.05 3.85	1.75 3.85
8.75 4.55	9.45 4.55
4.55 3.15	4.55 3.85
endplex
boundarywalls
endbound
