R
0.7
2.0999999999999996
HV
15
15
1 1 1 1 1 1 1 1 1 1 1 1 1 1 1 
1 1 1 1 1 1 1 1 1 1 1 1 1 1 1 
1 1 1 1 1 1 1 1 1 1 1 1 1 1 1 
1 1 1 1 1 1 1 1 1 1 1 1 1 1 1 
1 1 1 1 1 1 1 1 1 1 1 1 1 1 1 
1 1 1 1 1 1 1 1 1 1 1 1 1 1 1 
1 1 1 1 1 1 1 1 1 1 1 1 1 1 1 
1 1 1 1 1 1 1 1 1 1 1 1 1 1 1 
1 1 1 1 1 1 1 1 1 1 1 1 1 1 1 
1 1 1 1 1 1 1 1 1 1 1 1 1 1 1 
1 1 1 1 1 1 1 1 1 1 1 1 1 1 1 
1 1 1 1 1 1 1 1 1 1 1 1 1 1 1 
1 1 1 1 1 1 1 1 1 1 1 1 1 1 1 
1 1 1 1 1 1 1 1 1 1 1 1 1 1 1 
1 1 1 1 1 1 1 1 1 1 1 1 1 1 1 
plexiglasswalls
5.25 4.55	7.35 4.55
8.05 3.85	8.05 5.95
3.15 4.55	3.15 2.45
5.25 9.45	3.15 9.45
8.75 2.45	6.65 2.45
1.75 6.65	1.75 4.55
7.35 7.35	7.35 5.25
8.75 3.15	6.65 3.15
9.45 8.05	9.45 10.15
5.95 2.45	3.85 2.45
1.05 8.05	1.05 10.15
2.45 8.75	2.45 6.65
8.75 8.05	8.75 5.95
3.85 1.75	5.95 1.75
4.55 5.95	2.45 5.95
endplex
boundarywalls
endbound
