R
0.7
2.0999999999999996
HV
15
15
1 1 1 1 1 1 1 1 1 1 1 1 1 1 1 
1 1 1 1 1 1 1 1 1 1 1 1 1 1 1 
1 1 1 1 1 1 1 1 1 1 1 1 1 1 1 
1 1 1 1 1 1 1 1 1 1 1 1 1 1 1 
1 1 1 1 1 1 1 1 1 1 1 1 1 1 1 
1 1 1 1 1 1 1 1 1 1 1 1 1 1 1 
1 1 1 1 1 1 1 1 1 1 1 1 1 1 1 
1 1 1 1 1 1 1 1 1 1 1 1 1 1 1 
1 1 1 1 1 1 1 1 1 1 1 1 1 1 1 
1 1 1 1 1 1 1 1 1 1 1 1 1 1 1 
1 1 1 1 1 1 1 1 1 1 1 1 1 1 1 
1 1 1 1 1 1 1 1 1 1 1 1 1 1 1 
1 1 1 1 1 1 1 1 1 1 1 1 1 1 1 
1 1 1 1 1 1 1 1 1 1 1 1 1 1 1 
1 1 1 1 1 1 1 1 1 1 1 1 1 1 1 
plexiglasswalls
1.75 2.45	3.85 2.45
6.65 5.95	6.65 8.05
4.55 8.75	6.65 8.75
6.65 4.55	6.65 2.45
3.85 4.55	1.75 4.55
8.75 3.15	8.75 5.25
5.95 6.65	3.85 6.65
5.95 1.05	8.05 1.05
9.45 7.35	9.45 9.45
3.15 8.05	1.05 8.05
1.05 1.75	3.15 1.75
2.45 5.95	4.55 5.95
3.15 3.15	1.05 3.15
2.45 5.25	4.55 5.25
8.05 9.45	8.05 7.35
endplex
boundarywalls
endbound
