R
0.7
1.4
HV
15
15
1 1 1 1 1 1 1 1 1 1 1 1 1 1 1 
1 1 1 1 1 1 1 1 1 1 1 1 1 1 1 
1 1 1 1 1 1 1 1 1 1 1 1 1 1 1 
1 1 1 1 1 1 1 1 1 1 1 1 1 1 1 
1 1 1 1 1 1 1 1 1 1 1 1 1 1 1 
1 1 1 1 1 1 1 1 1 1 1 1 1 1 1 
1 1 1 1 1 1 1 1 1 1 1 1 1 1 1 
1 1 1 1 1 1 1 1 1 1 1 1 1 1 1 
1 1 1 1 1 1 1 1 1 1 1 1 1 1 1 
1 1 1 1 1 1 1 1 1 1 1 1 1 1 1 
1 1 1 1 1 1 1 1 1 1 1 1 1 1 1 
1 1 1 1 1 1 1 1 1 1 1 1 1 1 1 
1 1 1 1 1 1 1 1 1 1 1 1 1 1 1 
1 1 1 1 1 1 1 1 1 1 1 1 1 1 1 
1 1 1 1 1 1 1 1 1 1 1 1 1 1 1 
plexiglasswalls
5.25 8.05	5.25 9.45
3.15 1.75	1.75 1.75
8.05 4.55	8.05 5.95
6.65 4.55	6.65 3.15
4.55 4.55	4.55 5.95
5.95 2.45	4.55 2.45
4.55 3.85	3.15 3.85
3.15 5.25	1.75 5.25
1.75 4.55	3.15 4.55
3.85 7.35	2.45 7.35
7.35 4.55	7.35 3.15
5.25 6.65	6.65 6.65
8.05 8.75	6.65 8.75
9.45 3.15	9.45 4.55
7.35 5.95	7.35 7.35
endplex
boundarywalls
endbound
