R
0.7
1.4
HV
15
15
1 1 1 1 1 1 1 1 1 1 1 1 1 1 1 
1 1 1 1 1 1 1 1 1 1 1 1 1 1 1 
1 1 1 1 1 1 1 1 1 1 1 1 1 1 1 
1 1 1 1 1 1 1 1 1 1 1 1 1 1 1 
1 1 1 1 1 1 1 1 1 1 1 1 1 1 1 
1 1 1 1 1 1 1 1 1 1 1 1 1 1 1 
1 1 1 1 1 1 1 1 1 1 1 1 1 1 1 
1 1 1 1 1 1 1 1 1 1 1 1 1 1 1 
1 1 1 1 1 1 1 1 1 1 1 1 1 1 1 
1 1 1 1 1 1 1 1 1 1 1 1 1 1 1 
1 1 1 1 1 1 1 1 1 1 1 1 1 1 1 
1 1 1 1 1 1 1 1 1 1 1 1 1 1 1 
1 1 1 1 1 1 1 1 1 1 1 1 1 1 1 
1 1 1 1 1 1 1 1 1 1 1 1 1 1 1 
1 1 1 1 1 1 1 1 1 1 1 1 1 1 1 
plexiglasswalls
4.55 5.95	4.55 7.35
8.75 3.15	8.75 4.55
8.75 8.05	8.75 9.45
4.55 3.85	4.55 2.45
2.45 7.35	2.45 5.95
3.15 4.55	3.15 3.15
1.75 2.45	3.15 2.45
5.25 8.05	6.65 8.05
3.15 6.65	3.15 8.05
7.35 5.95	7.35 7.35
4.55 1.05	5.95 1.05
8.75 5.25	7.35 5.25
3.85 1.75	5.25 1.75
5.25 8.75	6.65 8.75
2.45 8.75	1.05 8.75
endplex
boundarywalls
endbound
