R
0.7
0.7
HV
15
15
1 1 1 1 1 1 1 1 1 1 1 1 1 1 1 
1 1 1 1 1 1 1 1 1 1 1 1 1 1 1 
1 1 1 1 1 1 1 1 1 1 1 1 1 1 1 
1 1 1 1 1 1 1 1 1 1 1 1 1 1 1 
1 1 1 1 1 1 1 1 1 1 1 1 1 1 1 
1 1 1 1 1 1 1 1 1 1 1 1 1 1 1 
1 1 1 1 1 1 1 1 1 1 1 1 1 1 1 
1 1 1 1 1 1 1 1 1 1 1 1 1 1 1 
1 1 1 1 1 1 1 1 1 1 1 1 1 1 1 
1 1 1 1 1 1 1 1 1 1 1 1 1 1 1 
1 1 1 1 1 1 1 1 1 1 1 1 1 1 1 
1 1 1 1 1 1 1 1 1 1 1 1 1 1 1 
1 1 1 1 1 1 1 1 1 1 1 1 1 1 1 
1 1 1 1 1 1 1 1 1 1 1 1 1 1 1 
1 1 1 1 1 1 1 1 1 1 1 1 1 1 1 
plexiglasswalls
5.25 3.85	5.95 3.85
7.35 1.75	7.35 1.05
9.45 1.05	9.45 0.35
6.65 5.95	7.35 5.95
5.95 7.35	6.65 7.35
4.55 3.15	5.25 3.15
5.95 5.25	5.95 4.55
9.45 8.05	9.45 8.75
8.75 5.25	8.05 5.25
1.75 1.05	2.45 1.05
5.95 8.05	6.65 8.05
8.75 7.35	8.75 6.65
7.35 5.25	7.35 4.55
9.45 5.95	10.15 5.95
8.05 7.35	8.05 8.05
5.25 6.65	5.95 6.65
2.45 5.25	3.15 5.25
3.15 8.75	3.15 8.05
5.95 1.75	6.65 1.75
6.65 1.05	5.95 1.05
endplex
boundarywalls
endbound
