R
0.7
2.0999999999999996
HV
15
15
1 1 1 1 1 1 1 1 1 1 1 1 1 1 1 
1 1 1 1 1 1 1 1 1 1 1 1 1 1 1 
1 1 1 1 1 1 1 1 1 1 1 1 1 1 1 
1 1 1 1 1 1 1 1 1 1 1 1 1 1 1 
1 1 1 1 1 1 1 1 1 1 1 1 1 1 1 
1 1 1 1 1 1 1 1 1 1 1 1 1 1 1 
1 1 1 1 1 1 1 1 1 1 1 1 1 1 1 
1 1 1 1 1 1 1 1 1 1 1 1 1 1 1 
1 1 1 1 1 1 1 1 1 1 1 1 1 1 1 
1 1 1 1 1 1 1 1 1 1 1 1 1 1 1 
1 1 1 1 1 1 1 1 1 1 1 1 1 1 1 
1 1 1 1 1 1 1 1 1 1 1 1 1 1 1 
1 1 1 1 1 1 1 1 1 1 1 1 1 1 1 
1 1 1 1 1 1 1 1 1 1 1 1 1 1 1 
1 1 1 1 1 1 1 1 1 1 1 1 1 1 1 
plexiglasswalls
2.45 4.55	2.45 6.65
4.55 3.85	2.45 3.85
2.45 9.45	2.45 7.35
5.95 6.65	8.05 6.65
1.05 2.45	3.15 2.45
6.65 8.05	4.55 8.05
6.65 2.45	6.65 4.55
8.75 4.55	8.75 2.45
3.15 4.55	3.15 6.65
5.25 3.15	5.25 5.25
9.45 1.75	9.45 3.85
1.75 7.35	1.75 5.25
5.95 8.75	3.85 8.75
9.45 9.45	7.35 9.45
4.55 6.65	4.55 4.55
8.05 8.75	10.15 8.75
9.45 5.95	9.45 8.05
5.95 3.15	5.95 1.05
4.55 3.15	4.55 1.05
1.05 5.95	1.05 8.05
endplex
boundarywalls
endbound
