R
0.7
2.0999999999999996
HV
15
15
1 1 1 1 1 1 1 1 1 1 1 1 1 1 1 
1 1 1 1 1 1 1 1 1 1 1 1 1 1 1 
1 1 1 1 1 1 1 1 1 1 1 1 1 1 1 
1 1 1 1 1 1 1 1 1 1 1 1 1 1 1 
1 1 1 1 1 1 1 1 1 1 1 1 1 1 1 
1 1 1 1 1 1 1 1 1 1 1 1 1 1 1 
1 1 1 1 1 1 1 1 1 1 1 1 1 1 1 
1 1 1 1 1 1 1 1 1 1 1 1 1 1 1 
1 1 1 1 1 1 1 1 1 1 1 1 1 1 1 
1 1 1 1 1 1 1 1 1 1 1 1 1 1 1 
1 1 1 1 1 1 1 1 1 1 1 1 1 1 1 
1 1 1 1 1 1 1 1 1 1 1 1 1 1 1 
1 1 1 1 1 1 1 1 1 1 1 1 1 1 1 
1 1 1 1 1 1 1 1 1 1 1 1 1 1 1 
1 1 1 1 1 1 1 1 1 1 1 1 1 1 1 
plexiglasswalls
5.95 3.85	3.85 3.85
8.05 2.45	5.95 2.45
7.35 4.55	7.35 6.65
9.45 5.25	9.45 3.15
6.65 7.35	6.65 9.45
5.25 3.85	5.25 1.75
4.55 2.45	4.55 0.35
5.95 5.25	3.85 5.25
4.55 3.15	2.45 3.15
2.45 8.05	4.55 8.05
endplex
boundarywalls
endbound
