R
0.7
1.4
HV
15
15
1 1 1 1 1 1 1 1 1 1 1 1 1 1 1 
1 1 1 1 1 1 1 1 1 1 1 1 1 1 1 
1 1 1 1 1 1 1 1 1 1 1 1 1 1 1 
1 1 1 1 1 1 1 1 1 1 1 1 1 1 1 
1 1 1 1 1 1 1 1 1 1 1 1 1 1 1 
1 1 1 1 1 1 1 1 1 1 1 1 1 1 1 
1 1 1 1 1 1 1 1 1 1 1 1 1 1 1 
1 1 1 1 1 1 1 1 1 1 1 1 1 1 1 
1 1 1 1 1 1 1 1 1 1 1 1 1 1 1 
1 1 1 1 1 1 1 1 1 1 1 1 1 1 1 
1 1 1 1 1 1 1 1 1 1 1 1 1 1 1 
1 1 1 1 1 1 1 1 1 1 1 1 1 1 1 
1 1 1 1 1 1 1 1 1 1 1 1 1 1 1 
1 1 1 1 1 1 1 1 1 1 1 1 1 1 1 
1 1 1 1 1 1 1 1 1 1 1 1 1 1 1 
plexiglasswalls
7.35 4.55	7.35 5.95
5.25 1.05	6.65 1.05
3.85 5.25	3.85 3.85
4.55 4.55	4.55 5.95
2.45 6.65	3.85 6.65
6.65 6.65	6.65 8.05
1.05 8.05	1.05 6.65
5.95 3.85	4.55 3.85
5.95 6.65	5.95 5.25
9.45 3.15	9.45 1.75
4.55 2.45	3.15 2.45
2.45 3.85	2.45 5.25
1.75 6.65	0.35 6.65
2.45 2.45	2.45 1.05
8.75 8.05	7.35 8.05
1.75 9.45	3.15 9.45
5.25 1.75	6.65 1.75
8.05 7.35	6.65 7.35
8.75 8.75	7.35 8.75
8.75 5.95	10.15 5.95
endplex
boundarywalls
endbound
