R
0.7
2.8
HV
15
15
1 1 1 1 1 1 1 1 1 1 1 1 1 1 1 
1 1 1 1 1 1 1 1 1 1 1 1 1 1 1 
1 1 1 1 1 1 1 1 1 1 1 1 1 1 1 
1 1 1 1 1 1 1 1 1 1 1 1 1 1 1 
1 1 1 1 1 1 1 1 1 1 1 1 1 1 1 
1 1 1 1 1 1 1 1 1 1 1 1 1 1 1 
1 1 1 1 1 1 1 1 1 1 1 1 1 1 1 
1 1 1 1 1 1 1 1 1 1 1 1 1 1 1 
1 1 1 1 1 1 1 1 1 1 1 1 1 1 1 
1 1 1 1 1 1 1 1 1 1 1 1 1 1 1 
1 1 1 1 1 1 1 1 1 1 1 1 1 1 1 
1 1 1 1 1 1 1 1 1 1 1 1 1 1 1 
1 1 1 1 1 1 1 1 1 1 1 1 1 1 1 
1 1 1 1 1 1 1 1 1 1 1 1 1 1 1 
1 1 1 1 1 1 1 1 1 1 1 1 1 1 1 
plexiglasswalls
8.75 2.45	5.95 2.45
3.85 6.65	6.65 6.65
7.35 8.75	7.35 5.95
5.95 9.45	8.75 9.45
4.55 4.55	4.55 1.75
2.45 2.45	2.45 5.25
1.75 3.15	1.75 0.35
8.75 7.35	8.75 4.55
1.05 6.65	1.05 9.45
9.45 3.85	9.45 6.65
2.45 9.45	5.25 9.45
3.15 8.05	3.15 5.25
2.45 8.75	2.45 5.95
5.95 1.05	3.15 1.05
1.75 7.35	1.75 10.15
endplex
boundarywalls
endbound
