R
0.7
2.8
HV
15
15
1 1 1 1 1 1 1 1 1 1 1 1 1 1 1 
1 1 1 1 1 1 1 1 1 1 1 1 1 1 1 
1 1 1 1 1 1 1 1 1 1 1 1 1 1 1 
1 1 1 1 1 1 1 1 1 1 1 1 1 1 1 
1 1 1 1 1 1 1 1 1 1 1 1 1 1 1 
1 1 1 1 1 1 1 1 1 1 1 1 1 1 1 
1 1 1 1 1 1 1 1 1 1 1 1 1 1 1 
1 1 1 1 1 1 1 1 1 1 1 1 1 1 1 
1 1 1 1 1 1 1 1 1 1 1 1 1 1 1 
1 1 1 1 1 1 1 1 1 1 1 1 1 1 1 
1 1 1 1 1 1 1 1 1 1 1 1 1 1 1 
1 1 1 1 1 1 1 1 1 1 1 1 1 1 1 
1 1 1 1 1 1 1 1 1 1 1 1 1 1 1 
1 1 1 1 1 1 1 1 1 1 1 1 1 1 1 
1 1 1 1 1 1 1 1 1 1 1 1 1 1 1 
plexiglasswalls
5.95 8.05	3.15 8.05
9.45 6.65	9.45 3.85
6.65 3.85	6.65 1.05
7.35 8.75	4.55 8.75
5.25 5.95	5.25 3.15
4.55 5.25	1.75 5.25
2.45 3.15	2.45 0.35
2.45 6.65	2.45 9.45
5.25 5.25	8.05 5.25
2.45 2.45	5.25 2.45
1.05 5.95	1.05 3.15
9.45 9.45	6.65 9.45
4.55 5.95	1.75 5.95
3.15 1.05	5.95 1.05
3.15 9.45	5.95 9.45
endplex
boundarywalls
endbound
