R
0.7
2.0999999999999996
HV
15
15
1 1 1 1 1 1 1 1 1 1 1 1 1 1 1 
1 1 1 1 1 1 1 1 1 1 1 1 1 1 1 
1 1 1 1 1 1 1 1 1 1 1 1 1 1 1 
1 1 1 1 1 1 1 1 1 1 1 1 1 1 1 
1 1 1 1 1 1 1 1 1 1 1 1 1 1 1 
1 1 1 1 1 1 1 1 1 1 1 1 1 1 1 
1 1 1 1 1 1 1 1 1 1 1 1 1 1 1 
1 1 1 1 1 1 1 1 1 1 1 1 1 1 1 
1 1 1 1 1 1 1 1 1 1 1 1 1 1 1 
1 1 1 1 1 1 1 1 1 1 1 1 1 1 1 
1 1 1 1 1 1 1 1 1 1 1 1 1 1 1 
1 1 1 1 1 1 1 1 1 1 1 1 1 1 1 
1 1 1 1 1 1 1 1 1 1 1 1 1 1 1 
1 1 1 1 1 1 1 1 1 1 1 1 1 1 1 
1 1 1 1 1 1 1 1 1 1 1 1 1 1 1 
plexiglasswalls
6.65 3.85	8.75 3.85
7.35 2.45	9.45 2.45
1.75 1.05	3.85 1.05
5.25 6.65	5.25 4.55
4.55 1.75	6.65 1.75
1.75 8.05	1.75 10.15
5.95 8.05	5.95 10.15
3.15 4.55	3.15 2.45
2.45 5.95	4.55 5.95
8.05 7.35	10.15 7.35
9.45 5.25	9.45 7.35
6.65 5.95	6.65 8.05
2.45 4.55	2.45 2.45
4.55 5.25	4.55 7.35
1.05 3.85	1.05 5.95
1.75 7.35	1.75 5.25
1.75 2.45	3.85 2.45
4.55 8.75	2.45 8.75
7.35 8.05	7.35 10.15
6.65 1.05	8.75 1.05
endplex
boundarywalls
endbound
