R
0.7
2.0999999999999996
HV
15
15
1 1 1 1 1 1 1 1 1 1 1 1 1 1 1 
1 1 1 1 1 1 1 1 1 1 1 1 1 1 1 
1 1 1 1 1 1 1 1 1 1 1 1 1 1 1 
1 1 1 1 1 1 1 1 1 1 1 1 1 1 1 
1 1 1 1 1 1 1 1 1 1 1 1 1 1 1 
1 1 1 1 1 1 1 1 1 1 1 1 1 1 1 
1 1 1 1 1 1 1 1 1 1 1 1 1 1 1 
1 1 1 1 1 1 1 1 1 1 1 1 1 1 1 
1 1 1 1 1 1 1 1 1 1 1 1 1 1 1 
1 1 1 1 1 1 1 1 1 1 1 1 1 1 1 
1 1 1 1 1 1 1 1 1 1 1 1 1 1 1 
1 1 1 1 1 1 1 1 1 1 1 1 1 1 1 
1 1 1 1 1 1 1 1 1 1 1 1 1 1 1 
1 1 1 1 1 1 1 1 1 1 1 1 1 1 1 
1 1 1 1 1 1 1 1 1 1 1 1 1 1 1 
plexiglasswalls
6.65 4.55	6.65 6.65
7.35 5.25	7.35 7.35
3.15 5.25	3.15 3.15
5.95 5.25	5.95 3.15
9.45 8.05	7.35 8.05
4.55 6.65	4.55 8.75
3.85 8.75	3.85 6.65
2.45 7.35	0.35 7.35
5.95 8.05	5.95 10.15
2.45 3.15	2.45 5.25
7.35 1.05	9.45 1.05
3.85 3.85	3.85 5.95
7.35 1.75	7.35 3.85
4.55 3.15	4.55 5.25
8.75 7.35	6.65 7.35
endplex
boundarywalls
endbound
