R
0.7
2.0999999999999996
HV
15
15
1 1 1 1 1 1 1 1 1 1 1 1 1 1 1 
1 1 1 1 1 1 1 1 1 1 1 1 1 1 1 
1 1 1 1 1 1 1 1 1 1 1 1 1 1 1 
1 1 1 1 1 1 1 1 1 1 1 1 1 1 1 
1 1 1 1 1 1 1 1 1 1 1 1 1 1 1 
1 1 1 1 1 1 1 1 1 1 1 1 1 1 1 
1 1 1 1 1 1 1 1 1 1 1 1 1 1 1 
1 1 1 1 1 1 1 1 1 1 1 1 1 1 1 
1 1 1 1 1 1 1 1 1 1 1 1 1 1 1 
1 1 1 1 1 1 1 1 1 1 1 1 1 1 1 
1 1 1 1 1 1 1 1 1 1 1 1 1 1 1 
1 1 1 1 1 1 1 1 1 1 1 1 1 1 1 
1 1 1 1 1 1 1 1 1 1 1 1 1 1 1 
1 1 1 1 1 1 1 1 1 1 1 1 1 1 1 
1 1 1 1 1 1 1 1 1 1 1 1 1 1 1 
plexiglasswalls
1.75 8.05	1.75 5.95
6.65 1.75	6.65 3.85
7.35 8.05	7.35 5.95
3.15 4.55	3.15 2.45
1.75 2.45	3.85 2.45
4.55 5.25	6.65 5.25
3.15 3.85	5.25 3.85
3.85 4.55	5.95 4.55
9.45 1.75	7.35 1.75
3.15 7.35	5.25 7.35
5.25 2.45	5.25 0.35
8.75 8.05	8.75 5.95
3.15 1.05	1.05 1.05
2.45 3.15	2.45 5.25
2.45 8.75	4.55 8.75
endplex
boundarywalls
endbound
