R
0.7
2.8
HV
15
15
1 1 1 1 1 1 1 1 1 1 1 1 1 1 1 
1 1 1 1 1 1 1 1 1 1 1 1 1 1 1 
1 1 1 1 1 1 1 1 1 1 1 1 1 1 1 
1 1 1 1 1 1 1 1 1 1 1 1 1 1 1 
1 1 1 1 1 1 1 1 1 1 1 1 1 1 1 
1 1 1 1 1 1 1 1 1 1 1 1 1 1 1 
1 1 1 1 1 1 1 1 1 1 1 1 1 1 1 
1 1 1 1 1 1 1 1 1 1 1 1 1 1 1 
1 1 1 1 1 1 1 1 1 1 1 1 1 1 1 
1 1 1 1 1 1 1 1 1 1 1 1 1 1 1 
1 1 1 1 1 1 1 1 1 1 1 1 1 1 1 
1 1 1 1 1 1 1 1 1 1 1 1 1 1 1 
1 1 1 1 1 1 1 1 1 1 1 1 1 1 1 
1 1 1 1 1 1 1 1 1 1 1 1 1 1 1 
1 1 1 1 1 1 1 1 1 1 1 1 1 1 1 
plexiglasswalls
8.75 4.55	8.75 7.35
3.85 3.15	6.65 3.15
7.35 7.35	7.35 4.55
1.75 5.25	4.55 5.25
5.95 7.35	5.95 10.15
9.45 2.45	6.65 2.45
9.45 8.75	6.65 8.75
5.95 1.05	3.15 1.05
1.05 4.55	1.05 1.75
7.35 1.75	10.15 1.75
8.05 7.35	8.05 4.55
2.45 5.95	2.45 8.75
2.45 2.45	5.25 2.45
3.15 1.75	5.95 1.75
2.45 3.15	2.45 0.35
endplex
boundarywalls
endbound
