R
0.7
0.7
HV
15
15
1 1 1 1 1 1 1 1 1 1 1 1 1 1 1 
1 1 1 1 1 1 1 1 1 1 1 1 1 1 1 
1 1 1 1 1 1 1 1 1 1 1 1 1 1 1 
1 1 1 1 1 1 1 1 1 1 1 1 1 1 1 
1 1 1 1 1 1 1 1 1 1 1 1 1 1 1 
1 1 1 1 1 1 1 1 1 1 1 1 1 1 1 
1 1 1 1 1 1 1 1 1 1 1 1 1 1 1 
1 1 1 1 1 1 1 1 1 1 1 1 1 1 1 
1 1 1 1 1 1 1 1 1 1 1 1 1 1 1 
1 1 1 1 1 1 1 1 1 1 1 1 1 1 1 
1 1 1 1 1 1 1 1 1 1 1 1 1 1 1 
1 1 1 1 1 1 1 1 1 1 1 1 1 1 1 
1 1 1 1 1 1 1 1 1 1 1 1 1 1 1 
1 1 1 1 1 1 1 1 1 1 1 1 1 1 1 
1 1 1 1 1 1 1 1 1 1 1 1 1 1 1 
plexiglasswalls
8.05 9.45	8.75 9.45
5.95 3.85	5.25 3.85
8.05 1.75	8.75 1.75
3.85 1.05	4.55 1.05
8.05 3.85	7.35 3.85
7.35 6.65	7.35 5.95
7.35 8.75	8.05 8.75
4.55 4.55	5.25 4.55
6.65 5.25	6.65 5.95
4.55 1.75	4.55 2.45
2.45 1.05	2.45 0.35
9.45 8.75	10.15 8.75
8.05 2.45	8.75 2.45
8.75 6.65	8.05 6.65
1.05 7.35	1.75 7.35
3.85 3.15	3.85 3.85
1.75 8.75	1.05 8.75
3.15 2.45	2.45 2.45
8.75 1.05	9.45 1.05
1.05 6.65	0.35 6.65
endplex
boundarywalls
endbound
