R
0.7
2.0999999999999996
HV
15
15
1 1 1 1 1 1 1 1 1 1 1 1 1 1 1 
1 1 1 1 1 1 1 1 1 1 1 1 1 1 1 
1 1 1 1 1 1 1 1 1 1 1 1 1 1 1 
1 1 1 1 1 1 1 1 1 1 1 1 1 1 1 
1 1 1 1 1 1 1 1 1 1 1 1 1 1 1 
1 1 1 1 1 1 1 1 1 1 1 1 1 1 1 
1 1 1 1 1 1 1 1 1 1 1 1 1 1 1 
1 1 1 1 1 1 1 1 1 1 1 1 1 1 1 
1 1 1 1 1 1 1 1 1 1 1 1 1 1 1 
1 1 1 1 1 1 1 1 1 1 1 1 1 1 1 
1 1 1 1 1 1 1 1 1 1 1 1 1 1 1 
1 1 1 1 1 1 1 1 1 1 1 1 1 1 1 
1 1 1 1 1 1 1 1 1 1 1 1 1 1 1 
1 1 1 1 1 1 1 1 1 1 1 1 1 1 1 
1 1 1 1 1 1 1 1 1 1 1 1 1 1 1 
plexiglasswalls
2.45 5.95	2.45 3.85
4.55 2.45	2.45 2.45
8.75 2.45	6.65 2.45
8.05 2.45	8.05 0.35
1.05 5.25	1.05 7.35
6.65 8.75	6.65 6.65
3.85 5.25	3.85 7.35
8.75 5.95	8.75 3.85
5.95 5.95	5.95 8.05
4.55 1.05	2.45 1.05
3.15 6.65	3.15 4.55
5.95 3.15	5.95 1.05
1.75 5.25	1.75 3.15
3.85 8.75	5.95 8.75
5.25 1.75	3.15 1.75
endplex
boundarywalls
endbound
