R
0.7
0.7
HV
15
15
1 1 1 1 1 1 1 1 1 1 1 1 1 1 1 
1 1 1 1 1 1 1 1 1 1 1 1 1 1 1 
1 1 1 1 1 1 1 1 1 1 1 1 1 1 1 
1 1 1 1 1 1 1 1 1 1 1 1 1 1 1 
1 1 1 1 1 1 1 1 1 1 1 1 1 1 1 
1 1 1 1 1 1 1 1 1 1 1 1 1 1 1 
1 1 1 1 1 1 1 1 1 1 1 1 1 1 1 
1 1 1 1 1 1 1 1 1 1 1 1 1 1 1 
1 1 1 1 1 1 1 1 1 1 1 1 1 1 1 
1 1 1 1 1 1 1 1 1 1 1 1 1 1 1 
1 1 1 1 1 1 1 1 1 1 1 1 1 1 1 
1 1 1 1 1 1 1 1 1 1 1 1 1 1 1 
1 1 1 1 1 1 1 1 1 1 1 1 1 1 1 
1 1 1 1 1 1 1 1 1 1 1 1 1 1 1 
1 1 1 1 1 1 1 1 1 1 1 1 1 1 1 
plexiglasswalls
3.85 8.05	3.15 8.05
8.05 3.85	8.05 3.15
9.45 8.75	9.45 8.05
2.45 7.35	1.75 7.35
9.45 4.55	10.15 4.55
8.75 1.75	8.75 1.05
7.35 4.55	8.05 4.55
8.05 7.35	8.05 6.65
1.75 5.95	2.45 5.95
3.15 9.45	3.15 8.75
3.15 4.55	3.15 3.85
6.65 5.25	7.35 5.25
3.15 1.05	3.15 0.35
6.65 8.05	5.95 8.05
1.05 3.85	1.05 4.55
endplex
boundarywalls
endbound
