R
0.7
0.7
HV
15
15
1 1 1 1 1 1 1 1 1 1 1 1 1 1 1 
1 1 1 1 1 1 1 1 1 1 1 1 1 1 1 
1 1 1 1 1 1 1 1 1 1 1 1 1 1 1 
1 1 1 1 1 1 1 1 1 1 1 1 1 1 1 
1 1 1 1 1 1 1 1 1 1 1 1 1 1 1 
1 1 1 1 1 1 1 1 1 1 1 1 1 1 1 
1 1 1 1 1 1 1 1 1 1 1 1 1 1 1 
1 1 1 1 1 1 1 1 1 1 1 1 1 1 1 
1 1 1 1 1 1 1 1 1 1 1 1 1 1 1 
1 1 1 1 1 1 1 1 1 1 1 1 1 1 1 
1 1 1 1 1 1 1 1 1 1 1 1 1 1 1 
1 1 1 1 1 1 1 1 1 1 1 1 1 1 1 
1 1 1 1 1 1 1 1 1 1 1 1 1 1 1 
1 1 1 1 1 1 1 1 1 1 1 1 1 1 1 
1 1 1 1 1 1 1 1 1 1 1 1 1 1 1 
plexiglasswalls
1.05 8.75	1.05 9.45
7.35 8.05	6.65 8.05
3.15 8.75	3.15 8.05
6.65 8.75	7.35 8.75
1.05 5.25	1.05 5.95
1.05 2.45	1.05 1.75
6.65 1.75	6.65 2.45
3.15 5.95	3.15 6.65
2.45 1.05	1.75 1.05
5.25 8.75	5.25 8.05
8.05 5.95	8.05 6.65
8.05 1.05	8.75 1.05
7.35 5.95	7.35 5.25
1.75 8.75	2.45 8.75
1.05 7.35	1.05 8.05
4.55 1.05	5.25 1.05
8.05 2.45	7.35 2.45
3.15 3.85	3.15 3.15
1.75 6.65	1.75 5.95
8.75 7.35	8.05 7.35
endplex
boundarywalls
endbound
