R
0.7
2.0999999999999996
HV
15
15
1 1 1 1 1 1 1 1 1 1 1 1 1 1 1 
1 1 1 1 1 1 1 1 1 1 1 1 1 1 1 
1 1 1 1 1 1 1 1 1 1 1 1 1 1 1 
1 1 1 1 1 1 1 1 1 1 1 1 1 1 1 
1 1 1 1 1 1 1 1 1 1 1 1 1 1 1 
1 1 1 1 1 1 1 1 1 1 1 1 1 1 1 
1 1 1 1 1 1 1 1 1 1 1 1 1 1 1 
1 1 1 1 1 1 1 1 1 1 1 1 1 1 1 
1 1 1 1 1 1 1 1 1 1 1 1 1 1 1 
1 1 1 1 1 1 1 1 1 1 1 1 1 1 1 
1 1 1 1 1 1 1 1 1 1 1 1 1 1 1 
1 1 1 1 1 1 1 1 1 1 1 1 1 1 1 
1 1 1 1 1 1 1 1 1 1 1 1 1 1 1 
1 1 1 1 1 1 1 1 1 1 1 1 1 1 1 
1 1 1 1 1 1 1 1 1 1 1 1 1 1 1 
plexiglasswalls
1.75 1.75	3.85 1.75
6.65 1.75	4.55 1.75
5.95 2.45	8.05 2.45
2.45 8.05	0.35 8.05
1.75 1.05	3.85 1.05
2.45 3.15	0.35 3.15
4.55 8.05	4.55 5.95
1.05 7.35	3.15 7.35
5.25 8.75	7.35 8.75
8.75 8.05	6.65 8.05
6.65 6.65	6.65 4.55
3.85 5.25	1.75 5.25
8.05 4.55	8.05 6.65
3.15 4.55	1.05 4.55
3.85 5.95	3.85 8.05
endplex
boundarywalls
endbound
