R
0.7
2.8
HV
15
15
1 1 1 1 1 1 1 1 1 1 1 1 1 1 1 
1 1 1 1 1 1 1 1 1 1 1 1 1 1 1 
1 1 1 1 1 1 1 1 1 1 1 1 1 1 1 
1 1 1 1 1 1 1 1 1 1 1 1 1 1 1 
1 1 1 1 1 1 1 1 1 1 1 1 1 1 1 
1 1 1 1 1 1 1 1 1 1 1 1 1 1 1 
1 1 1 1 1 1 1 1 1 1 1 1 1 1 1 
1 1 1 1 1 1 1 1 1 1 1 1 1 1 1 
1 1 1 1 1 1 1 1 1 1 1 1 1 1 1 
1 1 1 1 1 1 1 1 1 1 1 1 1 1 1 
1 1 1 1 1 1 1 1 1 1 1 1 1 1 1 
1 1 1 1 1 1 1 1 1 1 1 1 1 1 1 
1 1 1 1 1 1 1 1 1 1 1 1 1 1 1 
1 1 1 1 1 1 1 1 1 1 1 1 1 1 1 
1 1 1 1 1 1 1 1 1 1 1 1 1 1 1 
plexiglasswalls
3.15 7.35	3.15 10.15
3.85 1.05	6.65 1.05
6.65 8.05	3.85 8.05
2.45 1.05	2.45 3.85
3.85 4.55	6.65 4.55
3.85 8.75	6.65 8.75
1.05 1.75	1.05 4.55
1.75 6.65	4.55 6.65
3.85 5.95	3.85 3.15
9.45 1.05	9.45 3.85
6.65 1.75	3.85 1.75
8.05 5.95	8.05 8.75
1.75 3.15	1.75 5.95
7.35 9.45	4.55 9.45
8.75 3.85	8.75 6.65
endplex
boundarywalls
endbound
