R
0.7
2.0999999999999996
HV
15
15
1 1 1 1 1 1 1 1 1 1 1 1 1 1 1 
1 1 1 1 1 1 1 1 1 1 1 1 1 1 1 
1 1 1 1 1 1 1 1 1 1 1 1 1 1 1 
1 1 1 1 1 1 1 1 1 1 1 1 1 1 1 
1 1 1 1 1 1 1 1 1 1 1 1 1 1 1 
1 1 1 1 1 1 1 1 1 1 1 1 1 1 1 
1 1 1 1 1 1 1 1 1 1 1 1 1 1 1 
1 1 1 1 1 1 1 1 1 1 1 1 1 1 1 
1 1 1 1 1 1 1 1 1 1 1 1 1 1 1 
1 1 1 1 1 1 1 1 1 1 1 1 1 1 1 
1 1 1 1 1 1 1 1 1 1 1 1 1 1 1 
1 1 1 1 1 1 1 1 1 1 1 1 1 1 1 
1 1 1 1 1 1 1 1 1 1 1 1 1 1 1 
1 1 1 1 1 1 1 1 1 1 1 1 1 1 1 
1 1 1 1 1 1 1 1 1 1 1 1 1 1 1 
plexiglasswalls
1.75 3.85	1.75 1.75
4.55 7.35	6.65 7.35
5.25 3.85	5.25 5.95
5.25 6.65	7.35 6.65
4.55 2.45	6.65 2.45
3.15 8.75	5.25 8.75
7.35 1.05	5.25 1.05
6.65 8.05	4.55 8.05
5.95 5.95	8.05 5.95
1.05 6.65	1.05 8.75
2.45 5.25	0.35 5.25
4.55 9.45	6.65 9.45
9.45 2.45	9.45 0.35
4.55 5.95	2.45 5.95
8.05 5.25	10.15 5.25
7.35 7.35	7.35 9.45
4.55 6.65	2.45 6.65
8.75 3.15	8.75 1.05
5.95 5.25	5.95 3.15
3.15 4.55	3.15 2.45
endplex
boundarywalls
endbound
