R
0.7
1.4
HV
15
15
1 1 1 1 1 1 1 1 1 1 1 1 1 1 1 
1 1 1 1 1 1 1 1 1 1 1 1 1 1 1 
1 1 1 1 1 1 1 1 1 1 1 1 1 1 1 
1 1 1 1 1 1 1 1 1 1 1 1 1 1 1 
1 1 1 1 1 1 1 1 1 1 1 1 1 1 1 
1 1 1 1 1 1 1 1 1 1 1 1 1 1 1 
1 1 1 1 1 1 1 1 1 1 1 1 1 1 1 
1 1 1 1 1 1 1 1 1 1 1 1 1 1 1 
1 1 1 1 1 1 1 1 1 1 1 1 1 1 1 
1 1 1 1 1 1 1 1 1 1 1 1 1 1 1 
1 1 1 1 1 1 1 1 1 1 1 1 1 1 1 
1 1 1 1 1 1 1 1 1 1 1 1 1 1 1 
1 1 1 1 1 1 1 1 1 1 1 1 1 1 1 
1 1 1 1 1 1 1 1 1 1 1 1 1 1 1 
1 1 1 1 1 1 1 1 1 1 1 1 1 1 1 
plexiglasswalls
9.45 4.55	9.45 5.95
1.75 4.55	1.75 3.15
2.45 3.85	2.45 5.25
1.05 5.95	2.45 5.95
7.35 4.55	8.75 4.55
4.55 8.05	4.55 9.45
3.15 2.45	1.75 2.45
4.55 5.95	4.55 4.55
5.95 2.45	5.95 3.85
8.75 8.05	8.75 9.45
3.85 7.35	2.45 7.35
6.65 5.95	6.65 7.35
5.25 6.65	5.25 5.25
3.15 4.55	3.15 3.15
3.15 6.65	4.55 6.65
endplex
boundarywalls
endbound
