R
0.7
0.7
HV
15
15
1 1 1 1 1 1 1 1 1 1 1 1 1 1 1 
1 1 1 1 1 1 1 1 1 1 1 1 1 1 1 
1 1 1 1 1 1 1 1 1 1 1 1 1 1 1 
1 1 1 1 1 1 1 1 1 1 1 1 1 1 1 
1 1 1 1 1 1 1 1 1 1 1 1 1 1 1 
1 1 1 1 1 1 1 1 1 1 1 1 1 1 1 
1 1 1 1 1 1 1 1 1 1 1 1 1 1 1 
1 1 1 1 1 1 1 1 1 1 1 1 1 1 1 
1 1 1 1 1 1 1 1 1 1 1 1 1 1 1 
1 1 1 1 1 1 1 1 1 1 1 1 1 1 1 
1 1 1 1 1 1 1 1 1 1 1 1 1 1 1 
1 1 1 1 1 1 1 1 1 1 1 1 1 1 1 
1 1 1 1 1 1 1 1 1 1 1 1 1 1 1 
1 1 1 1 1 1 1 1 1 1 1 1 1 1 1 
1 1 1 1 1 1 1 1 1 1 1 1 1 1 1 
plexiglasswalls
5.25 8.05	5.95 8.05
2.45 3.15	2.45 2.45
5.95 5.95	6.65 5.95
1.05 8.05	0.35 8.05
4.55 1.05	4.55 0.35
5.25 7.35	5.95 7.35
5.95 5.25	5.25 5.25
9.45 3.85	9.45 3.15
1.75 3.15	1.75 3.85
9.45 9.45	9.45 10.15
5.95 6.65	6.65 6.65
1.05 8.75	0.35 8.75
1.05 4.55	0.35 4.55
8.75 1.05	9.45 1.05
3.85 5.25	4.55 5.25
9.45 8.75	9.45 8.05
9.45 4.55	9.45 5.25
8.05 4.55	8.05 3.85
2.45 3.85	2.45 4.55
2.45 8.75	2.45 8.05
endplex
boundarywalls
endbound
