R
0.7
2.8
HV
15
15
1 1 1 1 1 1 1 1 1 1 1 1 1 1 1 
1 1 1 1 1 1 1 1 1 1 1 1 1 1 1 
1 1 1 1 1 1 1 1 1 1 1 1 1 1 1 
1 1 1 1 1 1 1 1 1 1 1 1 1 1 1 
1 1 1 1 1 1 1 1 1 1 1 1 1 1 1 
1 1 1 1 1 1 1 1 1 1 1 1 1 1 1 
1 1 1 1 1 1 1 1 1 1 1 1 1 1 1 
1 1 1 1 1 1 1 1 1 1 1 1 1 1 1 
1 1 1 1 1 1 1 1 1 1 1 1 1 1 1 
1 1 1 1 1 1 1 1 1 1 1 1 1 1 1 
1 1 1 1 1 1 1 1 1 1 1 1 1 1 1 
1 1 1 1 1 1 1 1 1 1 1 1 1 1 1 
1 1 1 1 1 1 1 1 1 1 1 1 1 1 1 
1 1 1 1 1 1 1 1 1 1 1 1 1 1 1 
1 1 1 1 1 1 1 1 1 1 1 1 1 1 1 
plexiglasswalls
7.35 9.45	7.35 6.65
8.75 3.15	5.95 3.15
5.25 5.25	8.05 5.25
6.65 3.15	6.65 0.35
1.05 5.95	1.05 8.75
4.55 3.85	4.55 1.05
3.85 1.05	3.85 3.85
2.45 5.25	2.45 2.45
1.75 1.05	1.75 3.85
5.95 8.05	5.95 5.25
1.05 1.05	1.05 3.85
5.25 4.55	5.25 1.75
3.15 3.85	3.15 6.65
6.65 9.45	6.65 6.65
1.05 9.45	3.85 9.45
4.55 6.65	4.55 9.45
6.65 2.45	9.45 2.45
8.75 8.05	8.75 5.25
7.35 4.55	10.15 4.55
8.05 8.75	8.05 5.95
endplex
boundarywalls
endbound
