R
0.7
1.4
HV
15
15
1 1 1 1 1 1 1 1 1 1 1 1 1 1 1 
1 1 1 1 1 1 1 1 1 1 1 1 1 1 1 
1 1 1 1 1 1 1 1 1 1 1 1 1 1 1 
1 1 1 1 1 1 1 1 1 1 1 1 1 1 1 
1 1 1 1 1 1 1 1 1 1 1 1 1 1 1 
1 1 1 1 1 1 1 1 1 1 1 1 1 1 1 
1 1 1 1 1 1 1 1 1 1 1 1 1 1 1 
1 1 1 1 1 1 1 1 1 1 1 1 1 1 1 
1 1 1 1 1 1 1 1 1 1 1 1 1 1 1 
1 1 1 1 1 1 1 1 1 1 1 1 1 1 1 
1 1 1 1 1 1 1 1 1 1 1 1 1 1 1 
1 1 1 1 1 1 1 1 1 1 1 1 1 1 1 
1 1 1 1 1 1 1 1 1 1 1 1 1 1 1 
1 1 1 1 1 1 1 1 1 1 1 1 1 1 1 
1 1 1 1 1 1 1 1 1 1 1 1 1 1 1 
plexiglasswalls
2.45 2.45	3.85 2.45
2.45 8.75	3.85 8.75
2.45 5.25	1.05 5.25
2.45 3.85	1.05 3.85
2.45 6.65	1.05 6.65
1.05 3.15	1.05 1.75
8.05 5.25	8.05 6.65
7.35 1.05	8.75 1.05
9.45 8.05	8.05 8.05
6.65 8.75	5.25 8.75
1.05 9.45	1.05 8.05
7.35 3.15	7.35 4.55
7.35 8.75	7.35 7.35
4.55 1.75	4.55 3.15
3.85 7.35	2.45 7.35
endplex
boundarywalls
endbound
