R
0.7
1.4
HV
15
15
1 1 1 1 1 1 1 1 1 1 1 1 1 1 1 
1 1 1 1 1 1 1 1 1 1 1 1 1 1 1 
1 1 1 1 1 1 1 1 1 1 1 1 1 1 1 
1 1 1 1 1 1 1 1 1 1 1 1 1 1 1 
1 1 1 1 1 1 1 1 1 1 1 1 1 1 1 
1 1 1 1 1 1 1 1 1 1 1 1 1 1 1 
1 1 1 1 1 1 1 1 1 1 1 1 1 1 1 
1 1 1 1 1 1 1 1 1 1 1 1 1 1 1 
1 1 1 1 1 1 1 1 1 1 1 1 1 1 1 
1 1 1 1 1 1 1 1 1 1 1 1 1 1 1 
1 1 1 1 1 1 1 1 1 1 1 1 1 1 1 
1 1 1 1 1 1 1 1 1 1 1 1 1 1 1 
1 1 1 1 1 1 1 1 1 1 1 1 1 1 1 
1 1 1 1 1 1 1 1 1 1 1 1 1 1 1 
1 1 1 1 1 1 1 1 1 1 1 1 1 1 1 
plexiglasswalls
8.05 3.85	6.65 3.85
2.45 8.05	2.45 6.65
5.95 9.45	4.55 9.45
7.35 4.55	5.95 4.55
4.55 3.15	4.55 4.55
3.85 9.45	2.45 9.45
8.05 7.35	8.05 5.95
5.95 7.35	4.55 7.35
3.85 8.75	2.45 8.75
1.75 1.05	3.15 1.05
6.65 5.95	6.65 7.35
7.35 1.05	7.35 2.45
1.75 4.55	1.75 5.95
1.75 9.45	0.35 9.45
8.05 8.75	6.65 8.75
endplex
boundarywalls
endbound
