R
0.7
0.7
HV
15
15
1 1 1 1 1 1 1 1 1 1 1 1 1 1 1 
1 1 1 1 1 1 1 1 1 1 1 1 1 1 1 
1 1 1 1 1 1 1 1 1 1 1 1 1 1 1 
1 1 1 1 1 1 1 1 1 1 1 1 1 1 1 
1 1 1 1 1 1 1 1 1 1 1 1 1 1 1 
1 1 1 1 1 1 1 1 1 1 1 1 1 1 1 
1 1 1 1 1 1 1 1 1 1 1 1 1 1 1 
1 1 1 1 1 1 1 1 1 1 1 1 1 1 1 
1 1 1 1 1 1 1 1 1 1 1 1 1 1 1 
1 1 1 1 1 1 1 1 1 1 1 1 1 1 1 
1 1 1 1 1 1 1 1 1 1 1 1 1 1 1 
1 1 1 1 1 1 1 1 1 1 1 1 1 1 1 
1 1 1 1 1 1 1 1 1 1 1 1 1 1 1 
1 1 1 1 1 1 1 1 1 1 1 1 1 1 1 
1 1 1 1 1 1 1 1 1 1 1 1 1 1 1 
plexiglasswalls
8.05 3.15	8.05 3.85
5.95 6.65	6.65 6.65
6.65 9.45	5.95 9.45
2.45 8.05	1.75 8.05
6.65 8.05	6.65 7.35
4.55 8.75	4.55 9.45
3.85 8.75	3.15 8.75
2.45 9.45	1.75 9.45
1.05 8.75	1.05 8.05
4.55 3.85	4.55 3.15
3.85 4.55	3.85 5.25
9.45 3.15	8.75 3.15
8.05 8.05	8.05 7.35
1.75 5.95	1.75 6.65
2.45 4.55	2.45 3.85
endplex
boundarywalls
endbound
