R
0.7
1.4
HV
15
15
1 1 1 1 1 1 1 1 1 1 1 1 1 1 1 
1 1 1 1 1 1 1 1 1 1 1 1 1 1 1 
1 1 1 1 1 1 1 1 1 1 1 1 1 1 1 
1 1 1 1 1 1 1 1 1 1 1 1 1 1 1 
1 1 1 1 1 1 1 1 1 1 1 1 1 1 1 
1 1 1 1 1 1 1 1 1 1 1 1 1 1 1 
1 1 1 1 1 1 1 1 1 1 1 1 1 1 1 
1 1 1 1 1 1 1 1 1 1 1 1 1 1 1 
1 1 1 1 1 1 1 1 1 1 1 1 1 1 1 
1 1 1 1 1 1 1 1 1 1 1 1 1 1 1 
1 1 1 1 1 1 1 1 1 1 1 1 1 1 1 
1 1 1 1 1 1 1 1 1 1 1 1 1 1 1 
1 1 1 1 1 1 1 1 1 1 1 1 1 1 1 
1 1 1 1 1 1 1 1 1 1 1 1 1 1 1 
1 1 1 1 1 1 1 1 1 1 1 1 1 1 1 
plexiglasswalls
8.75 5.95	10.15 5.95
1.05 3.85	2.45 3.85
1.75 8.75	0.35 8.75
1.75 2.45	3.15 2.45
7.35 8.05	8.75 8.05
3.15 6.65	3.15 5.25
5.25 1.75	3.85 1.75
1.05 4.55	1.05 5.95
7.35 8.75	7.35 10.15
3.85 8.05	3.85 9.45
6.65 3.15	6.65 1.75
8.05 3.85	9.45 3.85
7.35 1.75	7.35 0.35
5.95 8.75	5.95 10.15
6.65 8.75	6.65 10.15
8.05 9.45	9.45 9.45
6.65 8.05	5.25 8.05
8.75 1.75	8.75 0.35
3.15 1.05	4.55 1.05
6.65 4.55	8.05 4.55
endplex
boundarywalls
endbound
