R
0.7
1.4
HV
15
15
1 1 1 1 1 1 1 1 1 1 1 1 1 1 1 
1 1 1 1 1 1 1 1 1 1 1 1 1 1 1 
1 1 1 1 1 1 1 1 1 1 1 1 1 1 1 
1 1 1 1 1 1 1 1 1 1 1 1 1 1 1 
1 1 1 1 1 1 1 1 1 1 1 1 1 1 1 
1 1 1 1 1 1 1 1 1 1 1 1 1 1 1 
1 1 1 1 1 1 1 1 1 1 1 1 1 1 1 
1 1 1 1 1 1 1 1 1 1 1 1 1 1 1 
1 1 1 1 1 1 1 1 1 1 1 1 1 1 1 
1 1 1 1 1 1 1 1 1 1 1 1 1 1 1 
1 1 1 1 1 1 1 1 1 1 1 1 1 1 1 
1 1 1 1 1 1 1 1 1 1 1 1 1 1 1 
1 1 1 1 1 1 1 1 1 1 1 1 1 1 1 
1 1 1 1 1 1 1 1 1 1 1 1 1 1 1 
1 1 1 1 1 1 1 1 1 1 1 1 1 1 1 
plexiglasswalls
8.05 3.15	9.45 3.15
1.05 5.95	1.05 4.55
5.25 8.75	5.25 10.15
8.05 7.35	9.45 7.35
3.15 8.05	1.75 8.05
3.85 1.05	3.85 2.45
3.85 7.35	5.25 7.35
5.25 3.85	6.65 3.85
5.95 6.65	5.95 5.25
8.75 4.55	8.75 3.15
6.65 4.55	8.05 4.55
7.35 2.45	7.35 3.85
3.15 8.75	4.55 8.75
9.45 2.45	9.45 1.05
5.95 7.35	5.95 8.75
8.75 9.45	10.15 9.45
8.05 5.95	6.65 5.95
7.35 9.45	7.35 8.05
1.75 3.85	0.35 3.85
6.65 9.45	6.65 8.05
endplex
boundarywalls
endbound
