R
0.7
2.8
HV
15
15
1 1 1 1 1 1 1 1 1 1 1 1 1 1 1 
1 1 1 1 1 1 1 1 1 1 1 1 1 1 1 
1 1 1 1 1 1 1 1 1 1 1 1 1 1 1 
1 1 1 1 1 1 1 1 1 1 1 1 1 1 1 
1 1 1 1 1 1 1 1 1 1 1 1 1 1 1 
1 1 1 1 1 1 1 1 1 1 1 1 1 1 1 
1 1 1 1 1 1 1 1 1 1 1 1 1 1 1 
1 1 1 1 1 1 1 1 1 1 1 1 1 1 1 
1 1 1 1 1 1 1 1 1 1 1 1 1 1 1 
1 1 1 1 1 1 1 1 1 1 1 1 1 1 1 
1 1 1 1 1 1 1 1 1 1 1 1 1 1 1 
1 1 1 1 1 1 1 1 1 1 1 1 1 1 1 
1 1 1 1 1 1 1 1 1 1 1 1 1 1 1 
1 1 1 1 1 1 1 1 1 1 1 1 1 1 1 
1 1 1 1 1 1 1 1 1 1 1 1 1 1 1 
plexiglasswalls
5.95 9.45	3.15 9.45
2.45 5.25	2.45 8.05
5.95 8.75	8.75 8.75
8.75 1.75	8.75 4.55
1.05 6.65	1.05 3.85
5.25 7.35	5.25 4.55
3.15 3.15	3.15 0.35
6.65 7.35	6.65 4.55
8.05 5.25	8.05 8.05
3.85 8.75	1.05 8.75
4.55 5.95	4.55 8.75
8.05 3.85	8.05 1.05
9.45 5.25	9.45 8.05
3.85 3.85	3.85 1.05
1.75 2.45	1.75 5.25
4.55 3.15	4.55 0.35
5.95 5.95	5.95 3.15
6.65 3.85	6.65 1.05
1.05 3.15	1.05 0.35
3.15 3.85	3.15 6.65
endplex
boundarywalls
endbound
