R
0.7
2.8
HV
15
15
1 1 1 1 1 1 1 1 1 1 1 1 1 1 1 
1 1 1 1 1 1 1 1 1 1 1 1 1 1 1 
1 1 1 1 1 1 1 1 1 1 1 1 1 1 1 
1 1 1 1 1 1 1 1 1 1 1 1 1 1 1 
1 1 1 1 1 1 1 1 1 1 1 1 1 1 1 
1 1 1 1 1 1 1 1 1 1 1 1 1 1 1 
1 1 1 1 1 1 1 1 1 1 1 1 1 1 1 
1 1 1 1 1 1 1 1 1 1 1 1 1 1 1 
1 1 1 1 1 1 1 1 1 1 1 1 1 1 1 
1 1 1 1 1 1 1 1 1 1 1 1 1 1 1 
1 1 1 1 1 1 1 1 1 1 1 1 1 1 1 
1 1 1 1 1 1 1 1 1 1 1 1 1 1 1 
1 1 1 1 1 1 1 1 1 1 1 1 1 1 1 
1 1 1 1 1 1 1 1 1 1 1 1 1 1 1 
1 1 1 1 1 1 1 1 1 1 1 1 1 1 1 
plexiglasswalls
3.85 6.65	3.85 9.45
4.55 2.45	1.75 2.45
2.45 3.15	5.25 3.15
6.65 4.55	6.65 7.35
9.45 2.45	6.65 2.45
5.95 8.75	8.75 8.75
7.35 5.25	10.15 5.25
4.55 3.85	4.55 6.65
1.05 7.35	1.05 4.55
1.75 4.55	1.75 1.75
7.35 3.85	10.15 3.85
7.35 1.05	4.55 1.05
7.35 8.05	10.15 8.05
1.75 5.95	1.75 8.75
5.95 5.95	5.95 3.15
endplex
boundarywalls
endbound
