R
0.7
2.0999999999999996
HV
15
15
1 1 1 1 1 1 1 1 1 1 1 1 1 1 1 
1 1 1 1 1 1 1 1 1 1 1 1 1 1 1 
1 1 1 1 1 1 1 1 1 1 1 1 1 1 1 
1 1 1 1 1 1 1 1 1 1 1 1 1 1 1 
1 1 1 1 1 1 1 1 1 1 1 1 1 1 1 
1 1 1 1 1 1 1 1 1 1 1 1 1 1 1 
1 1 1 1 1 1 1 1 1 1 1 1 1 1 1 
1 1 1 1 1 1 1 1 1 1 1 1 1 1 1 
1 1 1 1 1 1 1 1 1 1 1 1 1 1 1 
1 1 1 1 1 1 1 1 1 1 1 1 1 1 1 
1 1 1 1 1 1 1 1 1 1 1 1 1 1 1 
1 1 1 1 1 1 1 1 1 1 1 1 1 1 1 
1 1 1 1 1 1 1 1 1 1 1 1 1 1 1 
1 1 1 1 1 1 1 1 1 1 1 1 1 1 1 
1 1 1 1 1 1 1 1 1 1 1 1 1 1 1 
plexiglasswalls
5.95 6.65	5.95 4.55
9.45 9.45	7.35 9.45
5.95 7.35	8.05 7.35
3.15 6.65	1.05 6.65
7.35 4.55	9.45 4.55
3.85 1.75	1.75 1.75
3.85 1.05	5.95 1.05
3.15 1.05	1.05 1.05
1.75 8.75	1.75 6.65
6.65 4.55	6.65 6.65
2.45 8.75	4.55 8.75
5.25 8.05	3.15 8.05
5.95 9.45	3.85 9.45
7.35 8.75	5.25 8.75
3.15 5.25	5.25 5.25
6.65 3.15	8.75 3.15
3.15 4.55	1.05 4.55
9.45 3.15	9.45 1.05
3.15 5.95	1.05 5.95
4.55 1.75	6.65 1.75
endplex
boundarywalls
endbound
