R
0.7
0.7
HV
15
15
1 1 1 1 1 1 1 1 1 1 1 1 1 1 1 
1 1 1 1 1 1 1 1 1 1 1 1 1 1 1 
1 1 1 1 1 1 1 1 1 1 1 1 1 1 1 
1 1 1 1 1 1 1 1 1 1 1 1 1 1 1 
1 1 1 1 1 1 1 1 1 1 1 1 1 1 1 
1 1 1 1 1 1 1 1 1 1 1 1 1 1 1 
1 1 1 1 1 1 1 1 1 1 1 1 1 1 1 
1 1 1 1 1 1 1 1 1 1 1 1 1 1 1 
1 1 1 1 1 1 1 1 1 1 1 1 1 1 1 
1 1 1 1 1 1 1 1 1 1 1 1 1 1 1 
1 1 1 1 1 1 1 1 1 1 1 1 1 1 1 
1 1 1 1 1 1 1 1 1 1 1 1 1 1 1 
1 1 1 1 1 1 1 1 1 1 1 1 1 1 1 
1 1 1 1 1 1 1 1 1 1 1 1 1 1 1 
1 1 1 1 1 1 1 1 1 1 1 1 1 1 1 
plexiglasswalls
3.15 3.15	2.45 3.15
8.05 3.85	8.75 3.85
1.05 8.05	1.05 8.75
1.75 5.25	2.45 5.25
9.45 7.35	10.15 7.35
6.65 1.05	6.65 1.75
8.05 9.45	8.75 9.45
4.55 7.35	5.25 7.35
4.55 4.55	4.55 5.25
8.05 1.05	7.35 1.05
3.15 5.25	3.85 5.25
4.55 9.45	5.25 9.45
5.95 5.25	5.25 5.25
8.05 2.45	8.05 3.15
7.35 8.75	7.35 9.45
1.75 4.55	1.05 4.55
3.15 9.45	2.45 9.45
5.95 8.75	5.95 9.45
6.65 8.05	7.35 8.05
7.35 4.55	7.35 5.25
endplex
boundarywalls
endbound
