R
0.7
1.4
HV
15
15
1 1 1 1 1 1 1 1 1 1 1 1 1 1 1 
1 1 1 1 1 1 1 1 1 1 1 1 1 1 1 
1 1 1 1 1 1 1 1 1 1 1 1 1 1 1 
1 1 1 1 1 1 1 1 1 1 1 1 1 1 1 
1 1 1 1 1 1 1 1 1 1 1 1 1 1 1 
1 1 1 1 1 1 1 1 1 1 1 1 1 1 1 
1 1 1 1 1 1 1 1 1 1 1 1 1 1 1 
1 1 1 1 1 1 1 1 1 1 1 1 1 1 1 
1 1 1 1 1 1 1 1 1 1 1 1 1 1 1 
1 1 1 1 1 1 1 1 1 1 1 1 1 1 1 
1 1 1 1 1 1 1 1 1 1 1 1 1 1 1 
1 1 1 1 1 1 1 1 1 1 1 1 1 1 1 
1 1 1 1 1 1 1 1 1 1 1 1 1 1 1 
1 1 1 1 1 1 1 1 1 1 1 1 1 1 1 
1 1 1 1 1 1 1 1 1 1 1 1 1 1 1 
plexiglasswalls
1.75 4.55	1.75 5.95
5.25 8.05	5.25 9.45
2.45 9.45	2.45 8.05
8.75 6.65	10.15 6.65
6.65 2.45	5.25 2.45
7.35 5.25	7.35 6.65
5.95 4.55	5.95 5.95
8.05 1.75	8.05 3.15
4.55 9.45	4.55 8.05
3.15 8.75	4.55 8.75
5.95 8.75	7.35 8.75
3.15 5.95	3.15 7.35
8.75 8.05	10.15 8.05
3.15 5.25	4.55 5.25
9.45 5.95	8.05 5.95
3.85 2.45	3.85 1.05
1.05 5.25	1.05 3.85
8.05 9.45	9.45 9.45
1.75 8.05	1.75 9.45
6.65 1.05	5.25 1.05
endplex
boundarywalls
endbound
