R
0.7
2.0999999999999996
HV
15
15
1 1 1 1 1 1 1 1 1 1 1 1 1 1 1 
1 1 1 1 1 1 1 1 1 1 1 1 1 1 1 
1 1 1 1 1 1 1 1 1 1 1 1 1 1 1 
1 1 1 1 1 1 1 1 1 1 1 1 1 1 1 
1 1 1 1 1 1 1 1 1 1 1 1 1 1 1 
1 1 1 1 1 1 1 1 1 1 1 1 1 1 1 
1 1 1 1 1 1 1 1 1 1 1 1 1 1 1 
1 1 1 1 1 1 1 1 1 1 1 1 1 1 1 
1 1 1 1 1 1 1 1 1 1 1 1 1 1 1 
1 1 1 1 1 1 1 1 1 1 1 1 1 1 1 
1 1 1 1 1 1 1 1 1 1 1 1 1 1 1 
1 1 1 1 1 1 1 1 1 1 1 1 1 1 1 
1 1 1 1 1 1 1 1 1 1 1 1 1 1 1 
1 1 1 1 1 1 1 1 1 1 1 1 1 1 1 
1 1 1 1 1 1 1 1 1 1 1 1 1 1 1 
plexiglasswalls
8.05 3.85	8.05 1.75
3.15 2.45	3.15 0.35
8.75 6.65	8.75 4.55
3.85 5.95	3.85 3.85
4.55 4.55	6.65 4.55
5.95 5.95	8.05 5.95
5.25 8.05	3.15 8.05
2.45 2.45	2.45 0.35
1.75 8.75	3.85 8.75
8.05 8.75	10.15 8.75
5.25 1.75	7.35 1.75
3.15 1.05	5.25 1.05
7.35 1.05	9.45 1.05
7.35 9.45	5.25 9.45
1.75 5.25	1.75 7.35
3.15 6.65	3.15 4.55
7.35 7.35	5.25 7.35
1.05 9.45	3.15 9.45
2.45 5.25	2.45 7.35
1.05 5.25	1.05 7.35
endplex
boundarywalls
endbound
