R
0.7
2.8
HV
15
15
1 1 1 1 1 1 1 1 1 1 1 1 1 1 1 
1 1 1 1 1 1 1 1 1 1 1 1 1 1 1 
1 1 1 1 1 1 1 1 1 1 1 1 1 1 1 
1 1 1 1 1 1 1 1 1 1 1 1 1 1 1 
1 1 1 1 1 1 1 1 1 1 1 1 1 1 1 
1 1 1 1 1 1 1 1 1 1 1 1 1 1 1 
1 1 1 1 1 1 1 1 1 1 1 1 1 1 1 
1 1 1 1 1 1 1 1 1 1 1 1 1 1 1 
1 1 1 1 1 1 1 1 1 1 1 1 1 1 1 
1 1 1 1 1 1 1 1 1 1 1 1 1 1 1 
1 1 1 1 1 1 1 1 1 1 1 1 1 1 1 
1 1 1 1 1 1 1 1 1 1 1 1 1 1 1 
1 1 1 1 1 1 1 1 1 1 1 1 1 1 1 
1 1 1 1 1 1 1 1 1 1 1 1 1 1 1 
1 1 1 1 1 1 1 1 1 1 1 1 1 1 1 
plexiglasswalls
8.05 8.05	5.25 8.05
5.25 3.15	5.25 5.95
9.45 9.45	6.65 9.45
4.55 1.75	7.35 1.75
1.75 3.15	1.75 5.95
3.15 8.75	0.35 8.75
5.95 1.05	3.15 1.05
8.75 5.95	5.95 5.95
5.95 3.85	8.75 3.85
3.15 6.65	5.95 6.65
8.75 2.45	5.95 2.45
5.25 7.35	2.45 7.35
3.15 3.15	3.15 0.35
5.95 5.25	8.75 5.25
2.45 1.05	2.45 3.85
endplex
boundarywalls
endbound
