R
0.7
2.8
HV
15
15
1 1 1 1 1 1 1 1 1 1 1 1 1 1 1 
1 1 1 1 1 1 1 1 1 1 1 1 1 1 1 
1 1 1 1 1 1 1 1 1 1 1 1 1 1 1 
1 1 1 1 1 1 1 1 1 1 1 1 1 1 1 
1 1 1 1 1 1 1 1 1 1 1 1 1 1 1 
1 1 1 1 1 1 1 1 1 1 1 1 1 1 1 
1 1 1 1 1 1 1 1 1 1 1 1 1 1 1 
1 1 1 1 1 1 1 1 1 1 1 1 1 1 1 
1 1 1 1 1 1 1 1 1 1 1 1 1 1 1 
1 1 1 1 1 1 1 1 1 1 1 1 1 1 1 
1 1 1 1 1 1 1 1 1 1 1 1 1 1 1 
1 1 1 1 1 1 1 1 1 1 1 1 1 1 1 
1 1 1 1 1 1 1 1 1 1 1 1 1 1 1 
1 1 1 1 1 1 1 1 1 1 1 1 1 1 1 
1 1 1 1 1 1 1 1 1 1 1 1 1 1 1 
plexiglasswalls
3.85 6.65	3.85 3.85
4.55 5.95	7.35 5.95
1.75 8.05	1.75 5.25
5.95 3.15	3.15 3.15
6.65 8.75	6.65 5.95
4.55 1.05	1.75 1.05
1.05 2.45	1.05 5.25
6.65 1.05	6.65 3.85
3.15 8.75	0.35 8.75
8.05 5.95	8.05 8.75
9.45 5.95	9.45 3.15
5.25 4.55	8.05 4.55
9.45 9.45	6.65 9.45
3.85 1.75	1.05 1.75
8.75 8.75	8.75 5.95
3.15 7.35	5.95 7.35
8.75 5.25	5.95 5.25
5.25 8.05	2.45 8.05
2.45 9.45	5.25 9.45
2.45 6.65	2.45 3.85
endplex
boundarywalls
endbound
