R
0.7
2.8
HV
15
15
1 1 1 1 1 1 1 1 1 1 1 1 1 1 1 
1 1 1 1 1 1 1 1 1 1 1 1 1 1 1 
1 1 1 1 1 1 1 1 1 1 1 1 1 1 1 
1 1 1 1 1 1 1 1 1 1 1 1 1 1 1 
1 1 1 1 1 1 1 1 1 1 1 1 1 1 1 
1 1 1 1 1 1 1 1 1 1 1 1 1 1 1 
1 1 1 1 1 1 1 1 1 1 1 1 1 1 1 
1 1 1 1 1 1 1 1 1 1 1 1 1 1 1 
1 1 1 1 1 1 1 1 1 1 1 1 1 1 1 
1 1 1 1 1 1 1 1 1 1 1 1 1 1 1 
1 1 1 1 1 1 1 1 1 1 1 1 1 1 1 
1 1 1 1 1 1 1 1 1 1 1 1 1 1 1 
1 1 1 1 1 1 1 1 1 1 1 1 1 1 1 
1 1 1 1 1 1 1 1 1 1 1 1 1 1 1 
1 1 1 1 1 1 1 1 1 1 1 1 1 1 1 
plexiglasswalls
6.65 7.35	6.65 4.55
9.45 3.85	9.45 6.65
1.75 5.95	4.55 5.95
3.85 6.65	1.05 6.65
5.25 5.95	5.25 3.15
7.35 8.05	7.35 5.25
8.05 3.85	5.25 3.85
1.05 7.35	1.05 10.15
7.35 8.75	4.55 8.75
5.25 9.45	8.05 9.45
8.75 5.25	8.75 2.45
5.95 2.45	3.15 2.45
3.15 4.55	3.15 1.75
8.05 1.05	5.25 1.05
1.05 1.05	1.05 3.85
endplex
boundarywalls
endbound
