R
0.7
1.4
HV
15
15
1 1 1 1 1 1 1 1 1 1 1 1 1 1 1 
1 1 1 1 1 1 1 1 1 1 1 1 1 1 1 
1 1 1 1 1 1 1 1 1 1 1 1 1 1 1 
1 1 1 1 1 1 1 1 1 1 1 1 1 1 1 
1 1 1 1 1 1 1 1 1 1 1 1 1 1 1 
1 1 1 1 1 1 1 1 1 1 1 1 1 1 1 
1 1 1 1 1 1 1 1 1 1 1 1 1 1 1 
1 1 1 1 1 1 1 1 1 1 1 1 1 1 1 
1 1 1 1 1 1 1 1 1 1 1 1 1 1 1 
1 1 1 1 1 1 1 1 1 1 1 1 1 1 1 
1 1 1 1 1 1 1 1 1 1 1 1 1 1 1 
1 1 1 1 1 1 1 1 1 1 1 1 1 1 1 
1 1 1 1 1 1 1 1 1 1 1 1 1 1 1 
1 1 1 1 1 1 1 1 1 1 1 1 1 1 1 
1 1 1 1 1 1 1 1 1 1 1 1 1 1 1 
plexiglasswalls
8.05 1.05	6.65 1.05
1.75 7.35	1.75 5.95
3.15 3.85	3.15 5.25
5.95 1.75	5.95 3.15
7.35 3.85	5.95 3.85
8.75 6.65	7.35 6.65
5.25 5.25	5.25 3.85
1.75 1.75	1.75 3.15
5.25 1.05	3.85 1.05
6.65 5.95	5.25 5.95
3.15 7.35	3.15 5.95
6.65 9.45	5.25 9.45
3.15 9.45	3.15 8.05
4.55 6.65	3.15 6.65
8.75 2.45	8.75 1.05
endplex
boundarywalls
endbound
