R
0.7
2.0999999999999996
HV
15
15
1 1 1 1 1 1 1 1 1 1 1 1 1 1 1 
1 1 1 1 1 1 1 1 1 1 1 1 1 1 1 
1 1 1 1 1 1 1 1 1 1 1 1 1 1 1 
1 1 1 1 1 1 1 1 1 1 1 1 1 1 1 
1 1 1 1 1 1 1 1 1 1 1 1 1 1 1 
1 1 1 1 1 1 1 1 1 1 1 1 1 1 1 
1 1 1 1 1 1 1 1 1 1 1 1 1 1 1 
1 1 1 1 1 1 1 1 1 1 1 1 1 1 1 
1 1 1 1 1 1 1 1 1 1 1 1 1 1 1 
1 1 1 1 1 1 1 1 1 1 1 1 1 1 1 
1 1 1 1 1 1 1 1 1 1 1 1 1 1 1 
1 1 1 1 1 1 1 1 1 1 1 1 1 1 1 
1 1 1 1 1 1 1 1 1 1 1 1 1 1 1 
1 1 1 1 1 1 1 1 1 1 1 1 1 1 1 
1 1 1 1 1 1 1 1 1 1 1 1 1 1 1 
plexiglasswalls
5.95 6.65	8.05 6.65
6.65 3.85	4.55 3.85
1.05 7.35	1.05 5.25
3.15 3.85	3.15 5.95
9.45 5.25	9.45 3.15
8.75 5.95	6.65 5.95
8.75 8.05	6.65 8.05
6.65 3.15	6.65 1.05
2.45 1.75	0.35 1.75
3.15 2.45	5.25 2.45
5.25 9.45	7.35 9.45
9.45 8.75	7.35 8.75
2.45 5.95	2.45 3.85
1.75 4.55	1.75 6.65
2.45 8.75	2.45 6.65
9.45 8.05	9.45 5.95
9.45 1.75	7.35 1.75
1.05 9.45	3.15 9.45
5.25 7.35	5.25 5.25
5.95 3.85	5.95 1.75
endplex
boundarywalls
endbound
