R
0.7
1.4
HV
15
15
1 1 1 1 1 1 1 1 1 1 1 1 1 1 1 
1 1 1 1 1 1 1 1 1 1 1 1 1 1 1 
1 1 1 1 1 1 1 1 1 1 1 1 1 1 1 
1 1 1 1 1 1 1 1 1 1 1 1 1 1 1 
1 1 1 1 1 1 1 1 1 1 1 1 1 1 1 
1 1 1 1 1 1 1 1 1 1 1 1 1 1 1 
1 1 1 1 1 1 1 1 1 1 1 1 1 1 1 
1 1 1 1 1 1 1 1 1 1 1 1 1 1 1 
1 1 1 1 1 1 1 1 1 1 1 1 1 1 1 
1 1 1 1 1 1 1 1 1 1 1 1 1 1 1 
1 1 1 1 1 1 1 1 1 1 1 1 1 1 1 
1 1 1 1 1 1 1 1 1 1 1 1 1 1 1 
1 1 1 1 1 1 1 1 1 1 1 1 1 1 1 
1 1 1 1 1 1 1 1 1 1 1 1 1 1 1 
1 1 1 1 1 1 1 1 1 1 1 1 1 1 1 
plexiglasswalls
8.75 5.95	8.75 7.35
3.15 4.55	4.55 4.55
4.55 5.25	5.95 5.25
9.45 5.25	9.45 6.65
5.95 1.05	7.35 1.05
1.75 1.05	0.35 1.05
1.75 9.45	3.15 9.45
4.55 3.85	3.15 3.85
3.85 1.05	5.25 1.05
2.45 5.95	3.85 5.95
4.55 6.65	4.55 8.05
6.65 2.45	6.65 3.85
4.55 3.15	5.95 3.15
5.95 5.95	4.55 5.95
8.05 1.75	8.05 3.15
endplex
boundarywalls
endbound
