R
0.7
0.7
HV
15
15
1 1 1 1 1 1 1 1 1 1 1 1 1 1 1 
1 1 1 1 1 1 1 1 1 1 1 1 1 1 1 
1 1 1 1 1 1 1 1 1 1 1 1 1 1 1 
1 1 1 1 1 1 1 1 1 1 1 1 1 1 1 
1 1 1 1 1 1 1 1 1 1 1 1 1 1 1 
1 1 1 1 1 1 1 1 1 1 1 1 1 1 1 
1 1 1 1 1 1 1 1 1 1 1 1 1 1 1 
1 1 1 1 1 1 1 1 1 1 1 1 1 1 1 
1 1 1 1 1 1 1 1 1 1 1 1 1 1 1 
1 1 1 1 1 1 1 1 1 1 1 1 1 1 1 
1 1 1 1 1 1 1 1 1 1 1 1 1 1 1 
1 1 1 1 1 1 1 1 1 1 1 1 1 1 1 
1 1 1 1 1 1 1 1 1 1 1 1 1 1 1 
1 1 1 1 1 1 1 1 1 1 1 1 1 1 1 
1 1 1 1 1 1 1 1 1 1 1 1 1 1 1 
plexiglasswalls
3.85 3.15	3.85 2.45
6.65 8.05	5.95 8.05
4.55 6.65	4.55 7.35
2.45 1.75	3.15 1.75
5.25 4.55	5.25 5.25
8.75 1.05	9.45 1.05
8.75 8.05	9.45 8.05
3.15 7.35	3.15 6.65
4.55 9.45	3.85 9.45
5.95 2.45	5.25 2.45
2.45 8.05	2.45 7.35
6.65 3.15	7.35 3.15
9.45 1.75	8.75 1.75
8.05 5.25	8.05 5.95
6.65 5.95	6.65 6.65
8.75 6.65	8.05 6.65
5.95 3.15	5.25 3.15
1.75 5.95	1.75 6.65
4.55 8.05	5.25 8.05
8.75 4.55	8.75 3.85
endplex
boundarywalls
endbound
