R
0.7
2.8
HV
15
15
1 1 1 1 1 1 1 1 1 1 1 1 1 1 1 
1 1 1 1 1 1 1 1 1 1 1 1 1 1 1 
1 1 1 1 1 1 1 1 1 1 1 1 1 1 1 
1 1 1 1 1 1 1 1 1 1 1 1 1 1 1 
1 1 1 1 1 1 1 1 1 1 1 1 1 1 1 
1 1 1 1 1 1 1 1 1 1 1 1 1 1 1 
1 1 1 1 1 1 1 1 1 1 1 1 1 1 1 
1 1 1 1 1 1 1 1 1 1 1 1 1 1 1 
1 1 1 1 1 1 1 1 1 1 1 1 1 1 1 
1 1 1 1 1 1 1 1 1 1 1 1 1 1 1 
1 1 1 1 1 1 1 1 1 1 1 1 1 1 1 
1 1 1 1 1 1 1 1 1 1 1 1 1 1 1 
1 1 1 1 1 1 1 1 1 1 1 1 1 1 1 
1 1 1 1 1 1 1 1 1 1 1 1 1 1 1 
1 1 1 1 1 1 1 1 1 1 1 1 1 1 1 
plexiglasswalls
3.85 5.95	6.65 5.95
7.35 5.95	10.15 5.95
7.35 3.15	4.55 3.15
1.05 9.45	3.85 9.45
8.75 1.75	5.95 1.75
2.45 7.35	2.45 4.55
5.95 1.05	3.15 1.05
3.85 6.65	3.85 3.85
1.75 2.45	1.75 5.25
3.15 3.15	3.15 5.95
3.15 8.05	5.95 8.05
7.35 4.55	4.55 4.55
8.05 5.25	8.05 2.45
8.05 7.35	8.05 10.15
6.65 7.35	3.85 7.35
endplex
boundarywalls
endbound
