R
0.7
1.4
HV
15
15
1 1 1 1 1 1 1 1 1 1 1 1 1 1 1 
1 1 1 1 1 1 1 1 1 1 1 1 1 1 1 
1 1 1 1 1 1 1 1 1 1 1 1 1 1 1 
1 1 1 1 1 1 1 1 1 1 1 1 1 1 1 
1 1 1 1 1 1 1 1 1 1 1 1 1 1 1 
1 1 1 1 1 1 1 1 1 1 1 1 1 1 1 
1 1 1 1 1 1 1 1 1 1 1 1 1 1 1 
1 1 1 1 1 1 1 1 1 1 1 1 1 1 1 
1 1 1 1 1 1 1 1 1 1 1 1 1 1 1 
1 1 1 1 1 1 1 1 1 1 1 1 1 1 1 
1 1 1 1 1 1 1 1 1 1 1 1 1 1 1 
1 1 1 1 1 1 1 1 1 1 1 1 1 1 1 
1 1 1 1 1 1 1 1 1 1 1 1 1 1 1 
1 1 1 1 1 1 1 1 1 1 1 1 1 1 1 
1 1 1 1 1 1 1 1 1 1 1 1 1 1 1 
plexiglasswalls
1.05 8.75	2.45 8.75
3.15 8.05	4.55 8.05
2.45 2.45	1.05 2.45
5.25 7.35	5.25 5.95
4.55 2.45	3.15 2.45
6.65 3.15	6.65 4.55
7.35 3.15	7.35 1.75
8.05 3.15	8.05 4.55
7.35 5.25	7.35 6.65
5.95 1.05	7.35 1.05
1.05 8.05	1.05 6.65
5.95 8.05	7.35 8.05
4.55 3.85	4.55 5.25
3.15 3.15	3.15 1.75
9.45 1.75	9.45 0.35
2.45 5.25	2.45 3.85
9.45 9.45	9.45 8.05
6.65 6.65	5.25 6.65
6.65 2.45	5.25 2.45
3.85 1.05	2.45 1.05
endplex
boundarywalls
endbound
