R
0.7
1.4
HV
15
15
1 1 1 1 1 1 1 1 1 1 1 1 1 1 1 
1 1 1 1 1 1 1 1 1 1 1 1 1 1 1 
1 1 1 1 1 1 1 1 1 1 1 1 1 1 1 
1 1 1 1 1 1 1 1 1 1 1 1 1 1 1 
1 1 1 1 1 1 1 1 1 1 1 1 1 1 1 
1 1 1 1 1 1 1 1 1 1 1 1 1 1 1 
1 1 1 1 1 1 1 1 1 1 1 1 1 1 1 
1 1 1 1 1 1 1 1 1 1 1 1 1 1 1 
1 1 1 1 1 1 1 1 1 1 1 1 1 1 1 
1 1 1 1 1 1 1 1 1 1 1 1 1 1 1 
1 1 1 1 1 1 1 1 1 1 1 1 1 1 1 
1 1 1 1 1 1 1 1 1 1 1 1 1 1 1 
1 1 1 1 1 1 1 1 1 1 1 1 1 1 1 
1 1 1 1 1 1 1 1 1 1 1 1 1 1 1 
1 1 1 1 1 1 1 1 1 1 1 1 1 1 1 
plexiglasswalls
2.45 5.95	1.05 5.95
7.35 5.95	7.35 7.35
9.45 2.45	9.45 3.85
5.25 1.75	5.25 0.35
2.45 5.25	2.45 3.85
8.05 8.75	8.05 10.15
3.15 1.75	1.75 1.75
5.95 2.45	7.35 2.45
8.05 2.45	8.05 1.05
5.95 8.75	5.95 10.15
7.35 8.05	7.35 9.45
3.15 2.45	3.15 3.85
3.85 1.75	3.85 3.15
1.75 8.05	3.15 8.05
3.85 5.95	3.85 7.35
endplex
boundarywalls
endbound
