R
0.7
2.8
HV
15
15
1 1 1 1 1 1 1 1 1 1 1 1 1 1 1 
1 1 1 1 1 1 1 1 1 1 1 1 1 1 1 
1 1 1 1 1 1 1 1 1 1 1 1 1 1 1 
1 1 1 1 1 1 1 1 1 1 1 1 1 1 1 
1 1 1 1 1 1 1 1 1 1 1 1 1 1 1 
1 1 1 1 1 1 1 1 1 1 1 1 1 1 1 
1 1 1 1 1 1 1 1 1 1 1 1 1 1 1 
1 1 1 1 1 1 1 1 1 1 1 1 1 1 1 
1 1 1 1 1 1 1 1 1 1 1 1 1 1 1 
1 1 1 1 1 1 1 1 1 1 1 1 1 1 1 
1 1 1 1 1 1 1 1 1 1 1 1 1 1 1 
1 1 1 1 1 1 1 1 1 1 1 1 1 1 1 
1 1 1 1 1 1 1 1 1 1 1 1 1 1 1 
1 1 1 1 1 1 1 1 1 1 1 1 1 1 1 
1 1 1 1 1 1 1 1 1 1 1 1 1 1 1 
plexiglasswalls
8.75 5.95	8.75 3.15
8.05 8.75	5.25 8.75
8.05 3.15	5.25 3.15
6.65 6.65	9.45 6.65
3.85 5.95	6.65 5.95
1.05 8.75	1.05 5.95
3.15 3.15	0.35 3.15
5.25 5.25	5.25 2.45
5.95 1.75	3.15 1.75
3.15 9.45	0.35 9.45
3.85 7.35	3.85 10.15
8.75 2.45	5.95 2.45
7.35 1.05	10.15 1.05
7.35 9.45	4.55 9.45
2.45 3.15	2.45 0.35
endplex
boundarywalls
endbound
