R
0.7
2.0999999999999996
HV
15
15
1 1 1 1 1 1 1 1 1 1 1 1 1 1 1 
1 1 1 1 1 1 1 1 1 1 1 1 1 1 1 
1 1 1 1 1 1 1 1 1 1 1 1 1 1 1 
1 1 1 1 1 1 1 1 1 1 1 1 1 1 1 
1 1 1 1 1 1 1 1 1 1 1 1 1 1 1 
1 1 1 1 1 1 1 1 1 1 1 1 1 1 1 
1 1 1 1 1 1 1 1 1 1 1 1 1 1 1 
1 1 1 1 1 1 1 1 1 1 1 1 1 1 1 
1 1 1 1 1 1 1 1 1 1 1 1 1 1 1 
1 1 1 1 1 1 1 1 1 1 1 1 1 1 1 
1 1 1 1 1 1 1 1 1 1 1 1 1 1 1 
1 1 1 1 1 1 1 1 1 1 1 1 1 1 1 
1 1 1 1 1 1 1 1 1 1 1 1 1 1 1 
1 1 1 1 1 1 1 1 1 1 1 1 1 1 1 
1 1 1 1 1 1 1 1 1 1 1 1 1 1 1 
plexiglasswalls
3.85 7.35	3.85 5.25
8.05 2.45	8.05 0.35
3.15 5.25	3.15 3.15
7.35 2.45	7.35 4.55
4.55 7.35	4.55 9.45
4.55 5.25	4.55 3.15
9.45 1.05	9.45 3.15
1.05 5.25	1.05 7.35
7.35 9.45	9.45 9.45
4.55 2.45	2.45 2.45
2.45 3.15	2.45 1.05
8.75 5.25	8.75 3.15
1.75 5.25	1.75 7.35
5.95 3.15	5.95 1.05
2.45 9.45	2.45 7.35
endplex
boundarywalls
endbound
