R
0.7
0.7
HV
15
15
1 1 1 1 1 1 1 1 1 1 1 1 1 1 1 
1 1 1 1 1 1 1 1 1 1 1 1 1 1 1 
1 1 1 1 1 1 1 1 1 1 1 1 1 1 1 
1 1 1 1 1 1 1 1 1 1 1 1 1 1 1 
1 1 1 1 1 1 1 1 1 1 1 1 1 1 1 
1 1 1 1 1 1 1 1 1 1 1 1 1 1 1 
1 1 1 1 1 1 1 1 1 1 1 1 1 1 1 
1 1 1 1 1 1 1 1 1 1 1 1 1 1 1 
1 1 1 1 1 1 1 1 1 1 1 1 1 1 1 
1 1 1 1 1 1 1 1 1 1 1 1 1 1 1 
1 1 1 1 1 1 1 1 1 1 1 1 1 1 1 
1 1 1 1 1 1 1 1 1 1 1 1 1 1 1 
1 1 1 1 1 1 1 1 1 1 1 1 1 1 1 
1 1 1 1 1 1 1 1 1 1 1 1 1 1 1 
1 1 1 1 1 1 1 1 1 1 1 1 1 1 1 
plexiglasswalls
5.95 7.35	5.95 6.65
1.05 5.95	1.05 5.25
6.65 5.95	5.95 5.95
3.15 2.45	3.85 2.45
1.05 9.45	0.35 9.45
6.65 2.45	6.65 1.75
7.35 8.75	7.35 9.45
1.05 3.15	0.35 3.15
8.75 8.75	9.45 8.75
7.35 5.25	7.35 5.95
8.75 4.55	9.45 4.55
1.05 4.55	0.35 4.55
2.45 5.95	2.45 6.65
3.15 1.05	3.15 1.75
3.85 8.75	3.85 8.05
endplex
boundarywalls
endbound
