R
0.7
1.4
HV
15
15
1 1 1 1 1 1 1 1 1 1 1 1 1 1 1 
1 1 1 1 1 1 1 1 1 1 1 1 1 1 1 
1 1 1 1 1 1 1 1 1 1 1 1 1 1 1 
1 1 1 1 1 1 1 1 1 1 1 1 1 1 1 
1 1 1 1 1 1 1 1 1 1 1 1 1 1 1 
1 1 1 1 1 1 1 1 1 1 1 1 1 1 1 
1 1 1 1 1 1 1 1 1 1 1 1 1 1 1 
1 1 1 1 1 1 1 1 1 1 1 1 1 1 1 
1 1 1 1 1 1 1 1 1 1 1 1 1 1 1 
1 1 1 1 1 1 1 1 1 1 1 1 1 1 1 
1 1 1 1 1 1 1 1 1 1 1 1 1 1 1 
1 1 1 1 1 1 1 1 1 1 1 1 1 1 1 
1 1 1 1 1 1 1 1 1 1 1 1 1 1 1 
1 1 1 1 1 1 1 1 1 1 1 1 1 1 1 
1 1 1 1 1 1 1 1 1 1 1 1 1 1 1 
plexiglasswalls
5.25 3.85	3.85 3.85
8.75 5.95	10.15 5.95
3.85 8.05	3.85 6.65
8.05 5.25	8.05 3.85
8.75 2.45	10.15 2.45
7.35 8.75	7.35 7.35
5.95 3.85	7.35 3.85
5.25 2.45	6.65 2.45
5.95 5.95	4.55 5.95
2.45 8.05	2.45 6.65
5.25 7.35	5.25 8.75
6.65 7.35	6.65 8.75
1.75 1.75	1.75 3.15
9.45 3.15	9.45 4.55
4.55 7.35	4.55 8.75
endplex
boundarywalls
endbound
