R
0.7
1.4
HV
15
15
1 1 1 1 1 1 1 1 1 1 1 1 1 1 1 
1 1 1 1 1 1 1 1 1 1 1 1 1 1 1 
1 1 1 1 1 1 1 1 1 1 1 1 1 1 1 
1 1 1 1 1 1 1 1 1 1 1 1 1 1 1 
1 1 1 1 1 1 1 1 1 1 1 1 1 1 1 
1 1 1 1 1 1 1 1 1 1 1 1 1 1 1 
1 1 1 1 1 1 1 1 1 1 1 1 1 1 1 
1 1 1 1 1 1 1 1 1 1 1 1 1 1 1 
1 1 1 1 1 1 1 1 1 1 1 1 1 1 1 
1 1 1 1 1 1 1 1 1 1 1 1 1 1 1 
1 1 1 1 1 1 1 1 1 1 1 1 1 1 1 
1 1 1 1 1 1 1 1 1 1 1 1 1 1 1 
1 1 1 1 1 1 1 1 1 1 1 1 1 1 1 
1 1 1 1 1 1 1 1 1 1 1 1 1 1 1 
1 1 1 1 1 1 1 1 1 1 1 1 1 1 1 
plexiglasswalls
1.05 1.75	1.05 3.15
4.55 3.85	4.55 2.45
9.45 1.75	8.05 1.75
5.25 1.75	3.85 1.75
8.75 7.35	7.35 7.35
8.75 5.25	10.15 5.25
7.35 3.15	7.35 4.55
8.05 1.05	9.45 1.05
2.45 8.05	3.85 8.05
9.45 6.65	9.45 5.25
3.85 8.75	5.25 8.75
3.85 7.35	5.25 7.35
5.95 9.45	5.95 8.05
5.25 6.65	6.65 6.65
2.45 1.75	2.45 0.35
endplex
boundarywalls
endbound
