R
0.7
0.7
HV
15
15
1 1 1 1 1 1 1 1 1 1 1 1 1 1 1 
1 1 1 1 1 1 1 1 1 1 1 1 1 1 1 
1 1 1 1 1 1 1 1 1 1 1 1 1 1 1 
1 1 1 1 1 1 1 1 1 1 1 1 1 1 1 
1 1 1 1 1 1 1 1 1 1 1 1 1 1 1 
1 1 1 1 1 1 1 1 1 1 1 1 1 1 1 
1 1 1 1 1 1 1 1 1 1 1 1 1 1 1 
1 1 1 1 1 1 1 1 1 1 1 1 1 1 1 
1 1 1 1 1 1 1 1 1 1 1 1 1 1 1 
1 1 1 1 1 1 1 1 1 1 1 1 1 1 1 
1 1 1 1 1 1 1 1 1 1 1 1 1 1 1 
1 1 1 1 1 1 1 1 1 1 1 1 1 1 1 
1 1 1 1 1 1 1 1 1 1 1 1 1 1 1 
1 1 1 1 1 1 1 1 1 1 1 1 1 1 1 
1 1 1 1 1 1 1 1 1 1 1 1 1 1 1 
plexiglasswalls
7.35 8.75	8.05 8.75
5.25 3.85	4.55 3.85
6.65 9.45	6.65 10.15
2.45 4.55	2.45 3.85
1.05 8.05	1.75 8.05
5.25 5.95	5.95 5.95
3.85 6.65	4.55 6.65
8.05 8.05	7.35 8.05
8.05 5.25	8.75 5.25
6.65 6.65	7.35 6.65
3.85 9.45	3.15 9.45
9.45 8.75	9.45 8.05
2.45 2.45	2.45 1.75
4.55 2.45	3.85 2.45
1.05 6.65	1.75 6.65
endplex
boundarywalls
endbound
