R
0.7
2.8
HV
15
15
1 1 1 1 1 1 1 1 1 1 1 1 1 1 1 
1 1 1 1 1 1 1 1 1 1 1 1 1 1 1 
1 1 1 1 1 1 1 1 1 1 1 1 1 1 1 
1 1 1 1 1 1 1 1 1 1 1 1 1 1 1 
1 1 1 1 1 1 1 1 1 1 1 1 1 1 1 
1 1 1 1 1 1 1 1 1 1 1 1 1 1 1 
1 1 1 1 1 1 1 1 1 1 1 1 1 1 1 
1 1 1 1 1 1 1 1 1 1 1 1 1 1 1 
1 1 1 1 1 1 1 1 1 1 1 1 1 1 1 
1 1 1 1 1 1 1 1 1 1 1 1 1 1 1 
1 1 1 1 1 1 1 1 1 1 1 1 1 1 1 
1 1 1 1 1 1 1 1 1 1 1 1 1 1 1 
1 1 1 1 1 1 1 1 1 1 1 1 1 1 1 
1 1 1 1 1 1 1 1 1 1 1 1 1 1 1 
1 1 1 1 1 1 1 1 1 1 1 1 1 1 1 
plexiglasswalls
2.45 8.05	5.25 8.05
3.85 6.65	6.65 6.65
9.45 4.55	9.45 1.75
8.75 7.35	8.75 10.15
9.45 5.95	6.65 5.95
4.55 3.85	7.35 3.85
2.45 8.75	5.25 8.75
8.75 1.05	8.75 3.85
1.75 4.55	1.75 7.35
3.15 3.85	3.15 6.65
3.85 1.75	6.65 1.75
8.75 4.55	5.95 4.55
3.15 3.15	5.95 3.15
1.05 1.05	3.85 1.05
4.55 1.05	7.35 1.05
endplex
boundarywalls
endbound
