R
0.7
2.8
HV
15
15
1 1 1 1 1 1 1 1 1 1 1 1 1 1 1 
1 1 1 1 1 1 1 1 1 1 1 1 1 1 1 
1 1 1 1 1 1 1 1 1 1 1 1 1 1 1 
1 1 1 1 1 1 1 1 1 1 1 1 1 1 1 
1 1 1 1 1 1 1 1 1 1 1 1 1 1 1 
1 1 1 1 1 1 1 1 1 1 1 1 1 1 1 
1 1 1 1 1 1 1 1 1 1 1 1 1 1 1 
1 1 1 1 1 1 1 1 1 1 1 1 1 1 1 
1 1 1 1 1 1 1 1 1 1 1 1 1 1 1 
1 1 1 1 1 1 1 1 1 1 1 1 1 1 1 
1 1 1 1 1 1 1 1 1 1 1 1 1 1 1 
1 1 1 1 1 1 1 1 1 1 1 1 1 1 1 
1 1 1 1 1 1 1 1 1 1 1 1 1 1 1 
1 1 1 1 1 1 1 1 1 1 1 1 1 1 1 
1 1 1 1 1 1 1 1 1 1 1 1 1 1 1 
plexiglasswalls
1.05 1.75	3.85 1.75
4.55 2.45	4.55 5.25
5.25 4.55	5.25 1.75
9.45 5.25	9.45 8.05
3.15 8.05	5.95 8.05
8.75 8.75	8.75 5.95
2.45 5.95	2.45 8.75
3.15 9.45	0.35 9.45
5.25 7.35	8.05 7.35
5.95 1.05	8.75 1.05
1.05 8.05	1.05 5.25
3.85 5.25	3.85 2.45
7.35 1.75	10.15 1.75
1.75 4.55	1.75 7.35
5.95 4.55	5.95 1.75
5.25 9.45	8.05 9.45
9.45 4.55	6.65 4.55
1.05 3.15	1.05 0.35
4.55 6.65	7.35 6.65
8.75 3.15	5.95 3.15
endplex
boundarywalls
endbound
