R
0.7
2.0999999999999996
HV
15
15
1 1 1 1 1 1 1 1 1 1 1 1 1 1 1 
1 1 1 1 1 1 1 1 1 1 1 1 1 1 1 
1 1 1 1 1 1 1 1 1 1 1 1 1 1 1 
1 1 1 1 1 1 1 1 1 1 1 1 1 1 1 
1 1 1 1 1 1 1 1 1 1 1 1 1 1 1 
1 1 1 1 1 1 1 1 1 1 1 1 1 1 1 
1 1 1 1 1 1 1 1 1 1 1 1 1 1 1 
1 1 1 1 1 1 1 1 1 1 1 1 1 1 1 
1 1 1 1 1 1 1 1 1 1 1 1 1 1 1 
1 1 1 1 1 1 1 1 1 1 1 1 1 1 1 
1 1 1 1 1 1 1 1 1 1 1 1 1 1 1 
1 1 1 1 1 1 1 1 1 1 1 1 1 1 1 
1 1 1 1 1 1 1 1 1 1 1 1 1 1 1 
1 1 1 1 1 1 1 1 1 1 1 1 1 1 1 
1 1 1 1 1 1 1 1 1 1 1 1 1 1 1 
plexiglasswalls
7.35 8.05	9.45 8.05
8.75 5.25	6.65 5.25
5.25 2.45	3.15 2.45
4.55 4.55	4.55 6.65
6.65 8.05	6.65 10.15
1.75 8.05	1.75 5.95
2.45 4.55	2.45 6.65
4.55 1.75	2.45 1.75
8.05 3.15	5.95 3.15
1.05 6.65	1.05 8.75
8.75 1.75	6.65 1.75
5.95 6.65	5.95 4.55
3.85 9.45	5.95 9.45
7.35 8.75	9.45 8.75
7.35 1.05	9.45 1.05
endplex
boundarywalls
endbound
