R
0.7
2.8
HV
15
15
1 1 1 1 1 1 1 1 1 1 1 1 1 1 1 
1 1 1 1 1 1 1 1 1 1 1 1 1 1 1 
1 1 1 1 1 1 1 1 1 1 1 1 1 1 1 
1 1 1 1 1 1 1 1 1 1 1 1 1 1 1 
1 1 1 1 1 1 1 1 1 1 1 1 1 1 1 
1 1 1 1 1 1 1 1 1 1 1 1 1 1 1 
1 1 1 1 1 1 1 1 1 1 1 1 1 1 1 
1 1 1 1 1 1 1 1 1 1 1 1 1 1 1 
1 1 1 1 1 1 1 1 1 1 1 1 1 1 1 
1 1 1 1 1 1 1 1 1 1 1 1 1 1 1 
1 1 1 1 1 1 1 1 1 1 1 1 1 1 1 
1 1 1 1 1 1 1 1 1 1 1 1 1 1 1 
1 1 1 1 1 1 1 1 1 1 1 1 1 1 1 
1 1 1 1 1 1 1 1 1 1 1 1 1 1 1 
1 1 1 1 1 1 1 1 1 1 1 1 1 1 1 
plexiglasswalls
3.15 9.45	0.35 9.45
9.45 3.85	6.65 3.85
1.75 2.45	4.55 2.45
6.65 9.45	9.45 9.45
5.25 7.35	8.05 7.35
3.15 8.75	5.95 8.75
3.85 8.05	1.05 8.05
8.75 4.55	5.95 4.55
5.25 1.05	2.45 1.05
7.35 8.05	10.15 8.05
9.45 2.45	6.65 2.45
4.55 6.65	1.75 6.65
9.45 6.65	6.65 6.65
3.15 3.15	0.35 3.15
4.55 7.35	1.75 7.35
3.15 3.85	0.35 3.85
5.25 3.15	8.05 3.15
9.45 5.25	6.65 5.25
1.05 4.55	1.05 7.35
8.05 5.95	5.25 5.95
endplex
boundarywalls
endbound
