R
0.7
2.0999999999999996
HV
15
15
1 1 1 1 1 1 1 1 1 1 1 1 1 1 1 
1 1 1 1 1 1 1 1 1 1 1 1 1 1 1 
1 1 1 1 1 1 1 1 1 1 1 1 1 1 1 
1 1 1 1 1 1 1 1 1 1 1 1 1 1 1 
1 1 1 1 1 1 1 1 1 1 1 1 1 1 1 
1 1 1 1 1 1 1 1 1 1 1 1 1 1 1 
1 1 1 1 1 1 1 1 1 1 1 1 1 1 1 
1 1 1 1 1 1 1 1 1 1 1 1 1 1 1 
1 1 1 1 1 1 1 1 1 1 1 1 1 1 1 
1 1 1 1 1 1 1 1 1 1 1 1 1 1 1 
1 1 1 1 1 1 1 1 1 1 1 1 1 1 1 
1 1 1 1 1 1 1 1 1 1 1 1 1 1 1 
1 1 1 1 1 1 1 1 1 1 1 1 1 1 1 
1 1 1 1 1 1 1 1 1 1 1 1 1 1 1 
1 1 1 1 1 1 1 1 1 1 1 1 1 1 1 
plexiglasswalls
5.95 9.45	3.85 9.45
5.95 3.85	5.95 1.75
4.55 1.05	4.55 3.15
4.55 8.05	2.45 8.05
5.25 3.85	5.25 5.95
8.05 5.95	8.05 8.05
3.85 8.75	1.75 8.75
4.55 4.55	4.55 6.65
1.05 6.65	3.15 6.65
5.95 8.05	5.95 5.95
7.35 1.05	7.35 3.15
8.75 8.05	8.75 5.95
8.75 9.45	6.65 9.45
2.45 7.35	4.55 7.35
9.45 8.05	9.45 10.15
endplex
boundarywalls
endbound
