R
0.7
2.0999999999999996
HV
15
15
1 1 1 1 1 1 1 1 1 1 1 1 1 1 1 
1 1 1 1 1 1 1 1 1 1 1 1 1 1 1 
1 1 1 1 1 1 1 1 1 1 1 1 1 1 1 
1 1 1 1 1 1 1 1 1 1 1 1 1 1 1 
1 1 1 1 1 1 1 1 1 1 1 1 1 1 1 
1 1 1 1 1 1 1 1 1 1 1 1 1 1 1 
1 1 1 1 1 1 1 1 1 1 1 1 1 1 1 
1 1 1 1 1 1 1 1 1 1 1 1 1 1 1 
1 1 1 1 1 1 1 1 1 1 1 1 1 1 1 
1 1 1 1 1 1 1 1 1 1 1 1 1 1 1 
1 1 1 1 1 1 1 1 1 1 1 1 1 1 1 
1 1 1 1 1 1 1 1 1 1 1 1 1 1 1 
1 1 1 1 1 1 1 1 1 1 1 1 1 1 1 
1 1 1 1 1 1 1 1 1 1 1 1 1 1 1 
1 1 1 1 1 1 1 1 1 1 1 1 1 1 1 
plexiglasswalls
3.85 9.45	3.85 7.35
8.05 9.45	10.15 9.45
6.65 4.55	4.55 4.55
3.15 3.15	1.05 3.15
2.45 2.45	0.35 2.45
5.95 9.45	5.95 7.35
5.25 2.45	7.35 2.45
7.35 3.85	7.35 1.75
3.15 6.65	5.25 6.65
3.85 3.85	5.95 3.85
4.55 1.75	2.45 1.75
9.45 5.95	9.45 8.05
1.05 8.05	1.05 5.95
3.15 5.25	1.05 5.25
6.65 5.25	4.55 5.25
3.15 7.35	3.15 9.45
8.75 5.95	6.65 5.95
7.35 6.65	7.35 8.75
8.05 3.85	8.05 1.75
5.25 3.15	7.35 3.15
endplex
boundarywalls
endbound
