R
0.7
1.4
HV
15
15
1 1 1 1 1 1 1 1 1 1 1 1 1 1 1 
1 1 1 1 1 1 1 1 1 1 1 1 1 1 1 
1 1 1 1 1 1 1 1 1 1 1 1 1 1 1 
1 1 1 1 1 1 1 1 1 1 1 1 1 1 1 
1 1 1 1 1 1 1 1 1 1 1 1 1 1 1 
1 1 1 1 1 1 1 1 1 1 1 1 1 1 1 
1 1 1 1 1 1 1 1 1 1 1 1 1 1 1 
1 1 1 1 1 1 1 1 1 1 1 1 1 1 1 
1 1 1 1 1 1 1 1 1 1 1 1 1 1 1 
1 1 1 1 1 1 1 1 1 1 1 1 1 1 1 
1 1 1 1 1 1 1 1 1 1 1 1 1 1 1 
1 1 1 1 1 1 1 1 1 1 1 1 1 1 1 
1 1 1 1 1 1 1 1 1 1 1 1 1 1 1 
1 1 1 1 1 1 1 1 1 1 1 1 1 1 1 
1 1 1 1 1 1 1 1 1 1 1 1 1 1 1 
plexiglasswalls
8.75 2.45	8.75 3.85
1.75 4.55	1.75 5.95
9.45 1.05	9.45 2.45
1.05 3.15	1.05 1.75
2.45 8.75	2.45 10.15
3.85 3.15	5.25 3.15
3.85 6.65	3.85 5.25
9.45 8.05	9.45 9.45
1.05 4.55	1.05 5.95
8.75 1.05	7.35 1.05
7.35 9.45	7.35 8.05
3.15 3.85	1.75 3.85
6.65 2.45	6.65 3.85
1.75 8.05	0.35 8.05
1.05 7.35	2.45 7.35
2.45 6.65	1.05 6.65
7.35 6.65	8.75 6.65
3.15 4.55	4.55 4.55
8.05 7.35	8.05 8.75
4.55 1.05	5.95 1.05
endplex
boundarywalls
endbound
