R
0.7
2.8
HV
15
15
1 1 1 1 1 1 1 1 1 1 1 1 1 1 1 
1 1 1 1 1 1 1 1 1 1 1 1 1 1 1 
1 1 1 1 1 1 1 1 1 1 1 1 1 1 1 
1 1 1 1 1 1 1 1 1 1 1 1 1 1 1 
1 1 1 1 1 1 1 1 1 1 1 1 1 1 1 
1 1 1 1 1 1 1 1 1 1 1 1 1 1 1 
1 1 1 1 1 1 1 1 1 1 1 1 1 1 1 
1 1 1 1 1 1 1 1 1 1 1 1 1 1 1 
1 1 1 1 1 1 1 1 1 1 1 1 1 1 1 
1 1 1 1 1 1 1 1 1 1 1 1 1 1 1 
1 1 1 1 1 1 1 1 1 1 1 1 1 1 1 
1 1 1 1 1 1 1 1 1 1 1 1 1 1 1 
1 1 1 1 1 1 1 1 1 1 1 1 1 1 1 
1 1 1 1 1 1 1 1 1 1 1 1 1 1 1 
1 1 1 1 1 1 1 1 1 1 1 1 1 1 1 
plexiglasswalls
8.75 5.95	5.95 5.95
5.95 6.65	5.95 3.85
6.65 4.55	6.65 1.75
6.65 7.35	9.45 7.35
8.05 3.15	8.05 0.35
7.35 5.25	10.15 5.25
5.25 7.35	5.25 10.15
5.25 3.85	5.25 1.05
8.75 1.05	8.75 3.85
2.45 3.85	2.45 1.05
4.55 4.55	4.55 7.35
4.55 8.75	1.75 8.75
9.45 3.85	9.45 1.05
1.05 7.35	1.05 10.15
3.15 5.25	0.35 5.25
3.85 3.85	3.85 6.65
4.55 3.15	4.55 0.35
5.95 3.15	5.95 0.35
8.75 9.45	5.95 9.45
3.15 6.65	0.35 6.65
endplex
boundarywalls
endbound
