R
0.7
1.4
HV
15
15
1 1 1 1 1 1 1 1 1 1 1 1 1 1 1 
1 1 1 1 1 1 1 1 1 1 1 1 1 1 1 
1 1 1 1 1 1 1 1 1 1 1 1 1 1 1 
1 1 1 1 1 1 1 1 1 1 1 1 1 1 1 
1 1 1 1 1 1 1 1 1 1 1 1 1 1 1 
1 1 1 1 1 1 1 1 1 1 1 1 1 1 1 
1 1 1 1 1 1 1 1 1 1 1 1 1 1 1 
1 1 1 1 1 1 1 1 1 1 1 1 1 1 1 
1 1 1 1 1 1 1 1 1 1 1 1 1 1 1 
1 1 1 1 1 1 1 1 1 1 1 1 1 1 1 
1 1 1 1 1 1 1 1 1 1 1 1 1 1 1 
1 1 1 1 1 1 1 1 1 1 1 1 1 1 1 
1 1 1 1 1 1 1 1 1 1 1 1 1 1 1 
1 1 1 1 1 1 1 1 1 1 1 1 1 1 1 
1 1 1 1 1 1 1 1 1 1 1 1 1 1 1 
plexiglasswalls
8.05 7.35	8.05 8.75
6.65 1.75	6.65 3.15
3.15 7.35	4.55 7.35
1.05 9.45	1.05 8.05
8.75 8.75	10.15 8.75
5.25 4.55	6.65 4.55
8.75 1.05	10.15 1.05
9.45 3.85	9.45 2.45
5.25 3.85	3.85 3.85
3.85 1.05	2.45 1.05
7.35 2.45	8.75 2.45
5.25 7.35	5.25 8.75
8.75 1.75	7.35 1.75
1.75 2.45	0.35 2.45
6.65 8.05	6.65 9.45
endplex
boundarywalls
endbound
