R
0.7
1.4
HV
15
15
1 1 1 1 1 1 1 1 1 1 1 1 1 1 1 
1 1 1 1 1 1 1 1 1 1 1 1 1 1 1 
1 1 1 1 1 1 1 1 1 1 1 1 1 1 1 
1 1 1 1 1 1 1 1 1 1 1 1 1 1 1 
1 1 1 1 1 1 1 1 1 1 1 1 1 1 1 
1 1 1 1 1 1 1 1 1 1 1 1 1 1 1 
1 1 1 1 1 1 1 1 1 1 1 1 1 1 1 
1 1 1 1 1 1 1 1 1 1 1 1 1 1 1 
1 1 1 1 1 1 1 1 1 1 1 1 1 1 1 
1 1 1 1 1 1 1 1 1 1 1 1 1 1 1 
1 1 1 1 1 1 1 1 1 1 1 1 1 1 1 
1 1 1 1 1 1 1 1 1 1 1 1 1 1 1 
1 1 1 1 1 1 1 1 1 1 1 1 1 1 1 
1 1 1 1 1 1 1 1 1 1 1 1 1 1 1 
1 1 1 1 1 1 1 1 1 1 1 1 1 1 1 
plexiglasswalls
1.05 6.65	2.45 6.65
5.95 8.75	5.95 10.15
2.45 7.35	2.45 8.75
1.05 1.05	2.45 1.05
8.75 1.75	8.75 3.15
8.05 5.95	8.05 7.35
1.75 3.85	0.35 3.85
5.95 4.55	5.95 5.95
1.75 3.15	3.15 3.15
1.05 8.05	1.05 9.45
8.05 3.85	6.65 3.85
7.35 8.05	8.75 8.05
4.55 8.75	3.15 8.75
8.75 8.75	7.35 8.75
6.65 2.45	6.65 1.05
endplex
boundarywalls
endbound
