R
0.7
1.4
HV
15
15
1 1 1 1 1 1 1 1 1 1 1 1 1 1 1 
1 1 1 1 1 1 1 1 1 1 1 1 1 1 1 
1 1 1 1 1 1 1 1 1 1 1 1 1 1 1 
1 1 1 1 1 1 1 1 1 1 1 1 1 1 1 
1 1 1 1 1 1 1 1 1 1 1 1 1 1 1 
1 1 1 1 1 1 1 1 1 1 1 1 1 1 1 
1 1 1 1 1 1 1 1 1 1 1 1 1 1 1 
1 1 1 1 1 1 1 1 1 1 1 1 1 1 1 
1 1 1 1 1 1 1 1 1 1 1 1 1 1 1 
1 1 1 1 1 1 1 1 1 1 1 1 1 1 1 
1 1 1 1 1 1 1 1 1 1 1 1 1 1 1 
1 1 1 1 1 1 1 1 1 1 1 1 1 1 1 
1 1 1 1 1 1 1 1 1 1 1 1 1 1 1 
1 1 1 1 1 1 1 1 1 1 1 1 1 1 1 
1 1 1 1 1 1 1 1 1 1 1 1 1 1 1 
plexiglasswalls
8.75 6.65	10.15 6.65
6.65 9.45	6.65 8.05
1.05 6.65	1.05 5.25
1.75 8.05	1.75 9.45
5.25 1.75	3.85 1.75
8.05 7.35	8.05 8.75
9.45 3.15	9.45 1.75
6.65 5.25	8.05 5.25
7.35 9.45	7.35 8.05
3.85 5.95	2.45 5.95
5.25 9.45	3.85 9.45
1.05 9.45	1.05 8.05
5.95 6.65	4.55 6.65
2.45 8.75	2.45 7.35
2.45 4.55	3.85 4.55
7.35 1.75	7.35 0.35
5.25 2.45	6.65 2.45
3.85 8.05	2.45 8.05
1.75 6.65	3.15 6.65
8.75 2.45	8.75 3.85
endplex
boundarywalls
endbound
