R
0.7
2.0999999999999996
HV
15
15
1 1 1 1 1 1 1 1 1 1 1 1 1 1 1 
1 1 1 1 1 1 1 1 1 1 1 1 1 1 1 
1 1 1 1 1 1 1 1 1 1 1 1 1 1 1 
1 1 1 1 1 1 1 1 1 1 1 1 1 1 1 
1 1 1 1 1 1 1 1 1 1 1 1 1 1 1 
1 1 1 1 1 1 1 1 1 1 1 1 1 1 1 
1 1 1 1 1 1 1 1 1 1 1 1 1 1 1 
1 1 1 1 1 1 1 1 1 1 1 1 1 1 1 
1 1 1 1 1 1 1 1 1 1 1 1 1 1 1 
1 1 1 1 1 1 1 1 1 1 1 1 1 1 1 
1 1 1 1 1 1 1 1 1 1 1 1 1 1 1 
1 1 1 1 1 1 1 1 1 1 1 1 1 1 1 
1 1 1 1 1 1 1 1 1 1 1 1 1 1 1 
1 1 1 1 1 1 1 1 1 1 1 1 1 1 1 
1 1 1 1 1 1 1 1 1 1 1 1 1 1 1 
plexiglasswalls
6.65 1.75	8.75 1.75
5.25 6.65	3.15 6.65
8.05 4.55	5.95 4.55
2.45 3.85	0.35 3.85
7.35 9.45	5.25 9.45
3.85 7.35	5.95 7.35
1.05 5.25	3.15 5.25
8.75 5.95	6.65 5.95
3.15 1.05	5.25 1.05
8.75 8.05	8.75 10.15
4.55 4.55	4.55 2.45
8.75 3.15	8.75 5.25
3.85 1.75	3.85 3.85
1.75 9.45	3.85 9.45
5.95 5.95	3.85 5.95
endplex
boundarywalls
endbound
