R
0.7
2.0999999999999996
HV
15
15
1 1 1 1 1 1 1 1 1 1 1 1 1 1 1 
1 1 1 1 1 1 1 1 1 1 1 1 1 1 1 
1 1 1 1 1 1 1 1 1 1 1 1 1 1 1 
1 1 1 1 1 1 1 1 1 1 1 1 1 1 1 
1 1 1 1 1 1 1 1 1 1 1 1 1 1 1 
1 1 1 1 1 1 1 1 1 1 1 1 1 1 1 
1 1 1 1 1 1 1 1 1 1 1 1 1 1 1 
1 1 1 1 1 1 1 1 1 1 1 1 1 1 1 
1 1 1 1 1 1 1 1 1 1 1 1 1 1 1 
1 1 1 1 1 1 1 1 1 1 1 1 1 1 1 
1 1 1 1 1 1 1 1 1 1 1 1 1 1 1 
1 1 1 1 1 1 1 1 1 1 1 1 1 1 1 
1 1 1 1 1 1 1 1 1 1 1 1 1 1 1 
1 1 1 1 1 1 1 1 1 1 1 1 1 1 1 
1 1 1 1 1 1 1 1 1 1 1 1 1 1 1 
plexiglasswalls
5.95 3.15	5.95 1.05
3.85 5.95	5.95 5.95
8.05 6.65	8.05 8.75
6.65 6.65	6.65 4.55
3.15 8.05	1.05 8.05
3.85 3.15	3.85 1.05
3.85 8.75	5.95 8.75
1.75 1.05	1.75 3.15
3.15 3.85	5.25 3.85
6.65 2.45	6.65 0.35
3.85 9.45	3.85 7.35
3.15 5.25	3.15 7.35
1.05 9.45	3.15 9.45
8.75 2.45	8.75 0.35
9.45 3.85	9.45 1.75
endplex
boundarywalls
endbound
