R
0.7
0.7
HV
15
15
1 1 1 1 1 1 1 1 1 1 1 1 1 1 1 
1 1 1 1 1 1 1 1 1 1 1 1 1 1 1 
1 1 1 1 1 1 1 1 1 1 1 1 1 1 1 
1 1 1 1 1 1 1 1 1 1 1 1 1 1 1 
1 1 1 1 1 1 1 1 1 1 1 1 1 1 1 
1 1 1 1 1 1 1 1 1 1 1 1 1 1 1 
1 1 1 1 1 1 1 1 1 1 1 1 1 1 1 
1 1 1 1 1 1 1 1 1 1 1 1 1 1 1 
1 1 1 1 1 1 1 1 1 1 1 1 1 1 1 
1 1 1 1 1 1 1 1 1 1 1 1 1 1 1 
1 1 1 1 1 1 1 1 1 1 1 1 1 1 1 
1 1 1 1 1 1 1 1 1 1 1 1 1 1 1 
1 1 1 1 1 1 1 1 1 1 1 1 1 1 1 
1 1 1 1 1 1 1 1 1 1 1 1 1 1 1 
1 1 1 1 1 1 1 1 1 1 1 1 1 1 1 
plexiglasswalls
8.75 5.95	8.75 5.25
1.05 7.35	0.35 7.35
8.75 6.65	9.45 6.65
1.75 3.85	1.05 3.85
8.05 3.85	8.05 4.55
8.05 5.95	7.35 5.95
6.65 4.55	6.65 5.25
5.95 1.75	5.95 2.45
5.95 5.25	5.95 5.95
8.05 2.45	8.75 2.45
5.25 8.05	5.95 8.05
8.05 8.05	8.05 8.75
1.05 3.15	0.35 3.15
2.45 1.05	1.75 1.05
1.05 8.75	1.75 8.75
endplex
boundarywalls
endbound
