R
0.7
2.8
HV
15
15
1 1 1 1 1 1 1 1 1 1 1 1 1 1 1 
1 1 1 1 1 1 1 1 1 1 1 1 1 1 1 
1 1 1 1 1 1 1 1 1 1 1 1 1 1 1 
1 1 1 1 1 1 1 1 1 1 1 1 1 1 1 
1 1 1 1 1 1 1 1 1 1 1 1 1 1 1 
1 1 1 1 1 1 1 1 1 1 1 1 1 1 1 
1 1 1 1 1 1 1 1 1 1 1 1 1 1 1 
1 1 1 1 1 1 1 1 1 1 1 1 1 1 1 
1 1 1 1 1 1 1 1 1 1 1 1 1 1 1 
1 1 1 1 1 1 1 1 1 1 1 1 1 1 1 
1 1 1 1 1 1 1 1 1 1 1 1 1 1 1 
1 1 1 1 1 1 1 1 1 1 1 1 1 1 1 
1 1 1 1 1 1 1 1 1 1 1 1 1 1 1 
1 1 1 1 1 1 1 1 1 1 1 1 1 1 1 
1 1 1 1 1 1 1 1 1 1 1 1 1 1 1 
plexiglasswalls
8.05 4.55	5.25 4.55
5.95 1.05	8.75 1.05
8.75 4.55	8.75 1.75
4.55 1.75	4.55 4.55
3.85 4.55	3.85 1.75
1.05 6.65	1.05 9.45
4.55 8.75	7.35 8.75
8.75 8.75	8.75 5.95
3.15 1.05	3.15 3.85
7.35 9.45	10.15 9.45
5.25 5.95	2.45 5.95
5.95 8.05	5.95 5.25
1.05 2.45	1.05 5.25
6.65 5.25	6.65 8.05
3.85 7.35	3.85 10.15
endplex
boundarywalls
endbound
