R
0.7
2.8
HV
15
15
1 1 1 1 1 1 1 1 1 1 1 1 1 1 1 
1 1 1 1 1 1 1 1 1 1 1 1 1 1 1 
1 1 1 1 1 1 1 1 1 1 1 1 1 1 1 
1 1 1 1 1 1 1 1 1 1 1 1 1 1 1 
1 1 1 1 1 1 1 1 1 1 1 1 1 1 1 
1 1 1 1 1 1 1 1 1 1 1 1 1 1 1 
1 1 1 1 1 1 1 1 1 1 1 1 1 1 1 
1 1 1 1 1 1 1 1 1 1 1 1 1 1 1 
1 1 1 1 1 1 1 1 1 1 1 1 1 1 1 
1 1 1 1 1 1 1 1 1 1 1 1 1 1 1 
1 1 1 1 1 1 1 1 1 1 1 1 1 1 1 
1 1 1 1 1 1 1 1 1 1 1 1 1 1 1 
1 1 1 1 1 1 1 1 1 1 1 1 1 1 1 
1 1 1 1 1 1 1 1 1 1 1 1 1 1 1 
1 1 1 1 1 1 1 1 1 1 1 1 1 1 1 
plexiglasswalls
3.15 6.65	3.15 9.45
5.95 1.05	8.75 1.05
1.05 5.25	1.05 2.45
8.05 8.05	8.05 5.25
5.95 2.45	8.75 2.45
1.75 5.95	1.75 8.75
9.45 5.25	9.45 2.45
8.75 9.45	5.95 9.45
1.75 3.85	4.55 3.85
6.65 3.15	3.85 3.15
9.45 1.75	6.65 1.75
6.65 8.75	3.85 8.75
5.25 6.65	5.25 3.85
5.95 8.05	5.95 5.25
8.75 4.55	8.75 7.35
endplex
boundarywalls
endbound
