R
0.7
2.0999999999999996
HV
15
15
1 1 1 1 1 1 1 1 1 1 1 1 1 1 1 
1 1 1 1 1 1 1 1 1 1 1 1 1 1 1 
1 1 1 1 1 1 1 1 1 1 1 1 1 1 1 
1 1 1 1 1 1 1 1 1 1 1 1 1 1 1 
1 1 1 1 1 1 1 1 1 1 1 1 1 1 1 
1 1 1 1 1 1 1 1 1 1 1 1 1 1 1 
1 1 1 1 1 1 1 1 1 1 1 1 1 1 1 
1 1 1 1 1 1 1 1 1 1 1 1 1 1 1 
1 1 1 1 1 1 1 1 1 1 1 1 1 1 1 
1 1 1 1 1 1 1 1 1 1 1 1 1 1 1 
1 1 1 1 1 1 1 1 1 1 1 1 1 1 1 
1 1 1 1 1 1 1 1 1 1 1 1 1 1 1 
1 1 1 1 1 1 1 1 1 1 1 1 1 1 1 
1 1 1 1 1 1 1 1 1 1 1 1 1 1 1 
1 1 1 1 1 1 1 1 1 1 1 1 1 1 1 
plexiglasswalls
3.15 1.05	3.15 3.15
7.35 4.55	9.45 4.55
3.85 3.85	3.85 5.95
7.35 5.25	5.25 5.25
8.05 5.95	10.15 5.95
3.85 2.45	5.95 2.45
1.05 6.65	1.05 8.75
8.05 8.05	8.05 10.15
5.95 7.35	3.85 7.35
7.35 2.45	9.45 2.45
3.85 9.45	1.75 9.45
6.65 1.05	6.65 3.15
1.75 5.95	1.75 3.85
6.65 8.75	4.55 8.75
7.35 8.05	7.35 5.95
endplex
boundarywalls
endbound
