R
0.7
2.8
HV
15
15
1 1 1 1 1 1 1 1 1 1 1 1 1 1 1 
1 1 1 1 1 1 1 1 1 1 1 1 1 1 1 
1 1 1 1 1 1 1 1 1 1 1 1 1 1 1 
1 1 1 1 1 1 1 1 1 1 1 1 1 1 1 
1 1 1 1 1 1 1 1 1 1 1 1 1 1 1 
1 1 1 1 1 1 1 1 1 1 1 1 1 1 1 
1 1 1 1 1 1 1 1 1 1 1 1 1 1 1 
1 1 1 1 1 1 1 1 1 1 1 1 1 1 1 
1 1 1 1 1 1 1 1 1 1 1 1 1 1 1 
1 1 1 1 1 1 1 1 1 1 1 1 1 1 1 
1 1 1 1 1 1 1 1 1 1 1 1 1 1 1 
1 1 1 1 1 1 1 1 1 1 1 1 1 1 1 
1 1 1 1 1 1 1 1 1 1 1 1 1 1 1 
1 1 1 1 1 1 1 1 1 1 1 1 1 1 1 
1 1 1 1 1 1 1 1 1 1 1 1 1 1 1 
plexiglasswalls
5.95 3.15	3.15 3.15
3.15 6.65	3.15 9.45
3.15 3.85	0.35 3.85
3.85 8.75	3.85 5.95
8.75 8.05	8.75 5.25
2.45 5.95	5.25 5.95
5.95 1.75	3.15 1.75
4.55 8.75	7.35 8.75
8.05 4.55	8.05 7.35
9.45 1.75	6.65 1.75
1.75 3.85	1.75 1.05
7.35 3.15	7.35 5.95
2.45 2.45	5.25 2.45
5.95 7.35	5.95 4.55
4.55 4.55	1.75 4.55
1.05 5.25	3.85 5.25
7.35 8.05	4.55 8.05
9.45 1.05	6.65 1.05
1.75 6.65	1.75 9.45
2.45 7.35	2.45 10.15
endplex
boundarywalls
endbound
