R
0.7
2.8
HV
15
15
1 1 1 1 1 1 1 1 1 1 1 1 1 1 1 
1 1 1 1 1 1 1 1 1 1 1 1 1 1 1 
1 1 1 1 1 1 1 1 1 1 1 1 1 1 1 
1 1 1 1 1 1 1 1 1 1 1 1 1 1 1 
1 1 1 1 1 1 1 1 1 1 1 1 1 1 1 
1 1 1 1 1 1 1 1 1 1 1 1 1 1 1 
1 1 1 1 1 1 1 1 1 1 1 1 1 1 1 
1 1 1 1 1 1 1 1 1 1 1 1 1 1 1 
1 1 1 1 1 1 1 1 1 1 1 1 1 1 1 
1 1 1 1 1 1 1 1 1 1 1 1 1 1 1 
1 1 1 1 1 1 1 1 1 1 1 1 1 1 1 
1 1 1 1 1 1 1 1 1 1 1 1 1 1 1 
1 1 1 1 1 1 1 1 1 1 1 1 1 1 1 
1 1 1 1 1 1 1 1 1 1 1 1 1 1 1 
1 1 1 1 1 1 1 1 1 1 1 1 1 1 1 
plexiglasswalls
8.75 1.75	5.95 1.75
7.35 3.85	4.55 3.85
9.45 1.75	9.45 4.55
1.75 3.15	1.75 0.35
5.95 9.45	5.95 6.65
2.45 8.05	5.25 8.05
6.65 5.95	3.85 5.95
5.25 1.05	2.45 1.05
3.15 3.15	5.95 3.15
4.55 2.45	7.35 2.45
6.65 9.45	6.65 6.65
5.25 6.65	2.45 6.65
7.35 5.25	10.15 5.25
2.45 5.25	2.45 2.45
7.35 4.55	4.55 4.55
1.05 1.75	1.05 4.55
9.45 6.65	9.45 9.45
2.45 7.35	5.25 7.35
2.45 9.45	5.25 9.45
5.95 1.05	8.75 1.05
endplex
boundarywalls
endbound
