R
0.7
0.7
HV
15
15
1 1 1 1 1 1 1 1 1 1 1 1 1 1 1 
1 1 1 1 1 1 1 1 1 1 1 1 1 1 1 
1 1 1 1 1 1 1 1 1 1 1 1 1 1 1 
1 1 1 1 1 1 1 1 1 1 1 1 1 1 1 
1 1 1 1 1 1 1 1 1 1 1 1 1 1 1 
1 1 1 1 1 1 1 1 1 1 1 1 1 1 1 
1 1 1 1 1 1 1 1 1 1 1 1 1 1 1 
1 1 1 1 1 1 1 1 1 1 1 1 1 1 1 
1 1 1 1 1 1 1 1 1 1 1 1 1 1 1 
1 1 1 1 1 1 1 1 1 1 1 1 1 1 1 
1 1 1 1 1 1 1 1 1 1 1 1 1 1 1 
1 1 1 1 1 1 1 1 1 1 1 1 1 1 1 
1 1 1 1 1 1 1 1 1 1 1 1 1 1 1 
1 1 1 1 1 1 1 1 1 1 1 1 1 1 1 
1 1 1 1 1 1 1 1 1 1 1 1 1 1 1 
plexiglasswalls
5.95 4.55	5.25 4.55
6.65 9.45	6.65 10.15
8.05 8.75	8.05 8.05
5.95 3.15	5.95 3.85
9.45 8.75	10.15 8.75
3.15 5.95	3.85 5.95
3.85 1.05	3.15 1.05
2.45 9.45	2.45 10.15
1.05 8.05	0.35 8.05
8.75 4.55	8.05 4.55
3.15 2.45	3.85 2.45
9.45 4.55	10.15 4.55
9.45 2.45	8.75 2.45
1.75 7.35	1.75 8.05
3.15 5.25	3.15 4.55
2.45 5.25	2.45 5.95
8.75 9.45	8.75 10.15
9.45 8.05	8.75 8.05
5.25 6.65	5.25 5.95
2.45 8.05	2.45 8.75
endplex
boundarywalls
endbound
