R
0.7
1.4
HV
15
15
1 1 1 1 1 1 1 1 1 1 1 1 1 1 1 
1 1 1 1 1 1 1 1 1 1 1 1 1 1 1 
1 1 1 1 1 1 1 1 1 1 1 1 1 1 1 
1 1 1 1 1 1 1 1 1 1 1 1 1 1 1 
1 1 1 1 1 1 1 1 1 1 1 1 1 1 1 
1 1 1 1 1 1 1 1 1 1 1 1 1 1 1 
1 1 1 1 1 1 1 1 1 1 1 1 1 1 1 
1 1 1 1 1 1 1 1 1 1 1 1 1 1 1 
1 1 1 1 1 1 1 1 1 1 1 1 1 1 1 
1 1 1 1 1 1 1 1 1 1 1 1 1 1 1 
1 1 1 1 1 1 1 1 1 1 1 1 1 1 1 
1 1 1 1 1 1 1 1 1 1 1 1 1 1 1 
1 1 1 1 1 1 1 1 1 1 1 1 1 1 1 
1 1 1 1 1 1 1 1 1 1 1 1 1 1 1 
1 1 1 1 1 1 1 1 1 1 1 1 1 1 1 
plexiglasswalls
3.85 9.45	2.45 9.45
7.35 4.55	7.35 5.95
5.25 8.05	3.85 8.05
5.95 3.85	5.95 5.25
3.15 3.85	3.15 2.45
9.45 1.05	9.45 2.45
6.65 8.75	6.65 7.35
5.25 1.05	5.25 2.45
1.75 2.45	1.75 3.85
1.05 5.25	1.05 6.65
8.05 1.75	8.05 3.15
3.85 8.75	5.25 8.75
1.75 8.05	0.35 8.05
6.65 9.45	8.05 9.45
9.45 5.95	9.45 4.55
endplex
boundarywalls
endbound
