R
0.7
0.7
HV
15
15
1 1 1 1 1 1 1 1 1 1 1 1 1 1 1 
1 1 1 1 1 1 1 1 1 1 1 1 1 1 1 
1 1 1 1 1 1 1 1 1 1 1 1 1 1 1 
1 1 1 1 1 1 1 1 1 1 1 1 1 1 1 
1 1 1 1 1 1 1 1 1 1 1 1 1 1 1 
1 1 1 1 1 1 1 1 1 1 1 1 1 1 1 
1 1 1 1 1 1 1 1 1 1 1 1 1 1 1 
1 1 1 1 1 1 1 1 1 1 1 1 1 1 1 
1 1 1 1 1 1 1 1 1 1 1 1 1 1 1 
1 1 1 1 1 1 1 1 1 1 1 1 1 1 1 
1 1 1 1 1 1 1 1 1 1 1 1 1 1 1 
1 1 1 1 1 1 1 1 1 1 1 1 1 1 1 
1 1 1 1 1 1 1 1 1 1 1 1 1 1 1 
1 1 1 1 1 1 1 1 1 1 1 1 1 1 1 
1 1 1 1 1 1 1 1 1 1 1 1 1 1 1 
plexiglasswalls
2.45 1.05	2.45 1.75
2.45 8.75	3.15 8.75
9.45 9.45	9.45 8.75
8.05 8.05	8.05 7.35
4.55 5.95	3.85 5.95
7.35 2.45	7.35 3.15
8.75 6.65	8.75 7.35
2.45 4.55	3.15 4.55
2.45 3.15	2.45 3.85
4.55 1.05	3.85 1.05
1.75 1.75	1.05 1.75
1.05 9.45	1.05 8.75
3.15 5.25	3.85 5.25
5.95 8.05	5.95 8.75
4.55 9.45	3.85 9.45
9.45 8.05	9.45 7.35
4.55 1.75	4.55 2.45
2.45 9.45	2.45 10.15
3.15 7.35	2.45 7.35
6.65 2.45	6.65 3.15
endplex
boundarywalls
endbound
