R
0.7
2.8
HV
15
15
1 1 1 1 1 1 1 1 1 1 1 1 1 1 1 
1 1 1 1 1 1 1 1 1 1 1 1 1 1 1 
1 1 1 1 1 1 1 1 1 1 1 1 1 1 1 
1 1 1 1 1 1 1 1 1 1 1 1 1 1 1 
1 1 1 1 1 1 1 1 1 1 1 1 1 1 1 
1 1 1 1 1 1 1 1 1 1 1 1 1 1 1 
1 1 1 1 1 1 1 1 1 1 1 1 1 1 1 
1 1 1 1 1 1 1 1 1 1 1 1 1 1 1 
1 1 1 1 1 1 1 1 1 1 1 1 1 1 1 
1 1 1 1 1 1 1 1 1 1 1 1 1 1 1 
1 1 1 1 1 1 1 1 1 1 1 1 1 1 1 
1 1 1 1 1 1 1 1 1 1 1 1 1 1 1 
1 1 1 1 1 1 1 1 1 1 1 1 1 1 1 
1 1 1 1 1 1 1 1 1 1 1 1 1 1 1 
1 1 1 1 1 1 1 1 1 1 1 1 1 1 1 
plexiglasswalls
3.85 1.75	3.85 4.55
5.25 3.85	5.25 1.05
2.45 8.75	2.45 5.95
9.45 6.65	9.45 3.85
5.95 9.45	3.15 9.45
3.15 1.05	0.35 1.05
4.55 1.05	4.55 3.85
3.15 7.35	5.95 7.35
3.15 4.55	3.15 1.75
3.15 8.05	5.95 8.05
2.45 4.55	2.45 1.75
1.05 4.55	1.05 1.75
5.95 5.95	5.95 3.15
6.65 8.05	6.65 5.25
8.05 5.95	8.05 8.75
endplex
boundarywalls
endbound
