R
0.7
2.0999999999999996
HV
15
15
1 1 1 1 1 1 1 1 1 1 1 1 1 1 1 
1 1 1 1 1 1 1 1 1 1 1 1 1 1 1 
1 1 1 1 1 1 1 1 1 1 1 1 1 1 1 
1 1 1 1 1 1 1 1 1 1 1 1 1 1 1 
1 1 1 1 1 1 1 1 1 1 1 1 1 1 1 
1 1 1 1 1 1 1 1 1 1 1 1 1 1 1 
1 1 1 1 1 1 1 1 1 1 1 1 1 1 1 
1 1 1 1 1 1 1 1 1 1 1 1 1 1 1 
1 1 1 1 1 1 1 1 1 1 1 1 1 1 1 
1 1 1 1 1 1 1 1 1 1 1 1 1 1 1 
1 1 1 1 1 1 1 1 1 1 1 1 1 1 1 
1 1 1 1 1 1 1 1 1 1 1 1 1 1 1 
1 1 1 1 1 1 1 1 1 1 1 1 1 1 1 
1 1 1 1 1 1 1 1 1 1 1 1 1 1 1 
1 1 1 1 1 1 1 1 1 1 1 1 1 1 1 
plexiglasswalls
8.05 2.45	10.15 2.45
5.95 1.05	8.05 1.05
3.15 5.25	5.25 5.25
7.35 4.55	7.35 2.45
5.25 7.35	3.15 7.35
3.15 1.75	1.05 1.75
5.25 3.85	3.15 3.85
1.05 3.15	3.15 3.15
3.15 5.95	5.25 5.95
5.95 9.45	8.05 9.45
7.35 6.65	9.45 6.65
3.85 4.55	5.95 4.55
3.85 8.75	5.95 8.75
9.45 5.25	9.45 3.15
6.65 8.05	8.75 8.05
endplex
boundarywalls
endbound
