R
0.7
1.4
HV
15
15
1 1 1 1 1 1 1 1 1 1 1 1 1 1 1 
1 1 1 1 1 1 1 1 1 1 1 1 1 1 1 
1 1 1 1 1 1 1 1 1 1 1 1 1 1 1 
1 1 1 1 1 1 1 1 1 1 1 1 1 1 1 
1 1 1 1 1 1 1 1 1 1 1 1 1 1 1 
1 1 1 1 1 1 1 1 1 1 1 1 1 1 1 
1 1 1 1 1 1 1 1 1 1 1 1 1 1 1 
1 1 1 1 1 1 1 1 1 1 1 1 1 1 1 
1 1 1 1 1 1 1 1 1 1 1 1 1 1 1 
1 1 1 1 1 1 1 1 1 1 1 1 1 1 1 
1 1 1 1 1 1 1 1 1 1 1 1 1 1 1 
1 1 1 1 1 1 1 1 1 1 1 1 1 1 1 
1 1 1 1 1 1 1 1 1 1 1 1 1 1 1 
1 1 1 1 1 1 1 1 1 1 1 1 1 1 1 
1 1 1 1 1 1 1 1 1 1 1 1 1 1 1 
plexiglasswalls
5.95 3.85	7.35 3.85
1.75 5.25	3.15 5.25
7.35 9.45	7.35 8.05
1.75 5.95	1.75 7.35
3.85 5.95	3.85 7.35
7.35 2.45	7.35 1.05
4.55 5.95	5.95 5.95
1.75 1.05	1.75 2.45
5.25 1.75	3.85 1.75
9.45 7.35	8.05 7.35
5.25 2.45	5.25 3.85
1.75 9.45	1.75 8.05
8.05 8.05	8.05 9.45
8.75 8.75	10.15 8.75
8.75 9.45	10.15 9.45
3.85 8.05	3.85 9.45
1.75 3.15	0.35 3.15
5.95 6.65	7.35 6.65
8.05 5.95	9.45 5.95
3.85 2.45	2.45 2.45
endplex
boundarywalls
endbound
