R
0.7
0.7
HV
15
15
1 1 1 1 1 1 1 1 1 1 1 1 1 1 1 
1 1 1 1 1 1 1 1 1 1 1 1 1 1 1 
1 1 1 1 1 1 1 1 1 1 1 1 1 1 1 
1 1 1 1 1 1 1 1 1 1 1 1 1 1 1 
1 1 1 1 1 1 1 1 1 1 1 1 1 1 1 
1 1 1 1 1 1 1 1 1 1 1 1 1 1 1 
1 1 1 1 1 1 1 1 1 1 1 1 1 1 1 
1 1 1 1 1 1 1 1 1 1 1 1 1 1 1 
1 1 1 1 1 1 1 1 1 1 1 1 1 1 1 
1 1 1 1 1 1 1 1 1 1 1 1 1 1 1 
1 1 1 1 1 1 1 1 1 1 1 1 1 1 1 
1 1 1 1 1 1 1 1 1 1 1 1 1 1 1 
1 1 1 1 1 1 1 1 1 1 1 1 1 1 1 
1 1 1 1 1 1 1 1 1 1 1 1 1 1 1 
1 1 1 1 1 1 1 1 1 1 1 1 1 1 1 
plexiglasswalls
7.35 8.05	8.05 8.05
8.05 7.35	8.75 7.35
5.95 7.35	5.25 7.35
1.75 1.75	1.05 1.75
7.35 2.45	7.35 1.75
8.75 1.75	8.75 2.45
2.45 8.05	3.15 8.05
8.05 5.25	8.75 5.25
5.95 6.65	6.65 6.65
6.65 1.75	6.65 2.45
3.15 1.05	3.15 1.75
7.35 3.85	7.35 3.15
6.65 3.15	5.95 3.15
9.45 3.15	9.45 3.85
5.95 1.05	6.65 1.05
8.05 5.95	8.05 6.65
8.75 9.45	8.75 8.75
4.55 8.75	4.55 9.45
4.55 1.05	3.85 1.05
1.75 6.65	1.05 6.65
endplex
boundarywalls
endbound
