R
0.7
2.8
HV
15
15
1 1 1 1 1 1 1 1 1 1 1 1 1 1 1 
1 1 1 1 1 1 1 1 1 1 1 1 1 1 1 
1 1 1 1 1 1 1 1 1 1 1 1 1 1 1 
1 1 1 1 1 1 1 1 1 1 1 1 1 1 1 
1 1 1 1 1 1 1 1 1 1 1 1 1 1 1 
1 1 1 1 1 1 1 1 1 1 1 1 1 1 1 
1 1 1 1 1 1 1 1 1 1 1 1 1 1 1 
1 1 1 1 1 1 1 1 1 1 1 1 1 1 1 
1 1 1 1 1 1 1 1 1 1 1 1 1 1 1 
1 1 1 1 1 1 1 1 1 1 1 1 1 1 1 
1 1 1 1 1 1 1 1 1 1 1 1 1 1 1 
1 1 1 1 1 1 1 1 1 1 1 1 1 1 1 
1 1 1 1 1 1 1 1 1 1 1 1 1 1 1 
1 1 1 1 1 1 1 1 1 1 1 1 1 1 1 
1 1 1 1 1 1 1 1 1 1 1 1 1 1 1 
plexiglasswalls
3.85 6.65	3.85 3.85
7.35 4.55	7.35 7.35
5.25 8.05	5.25 5.25
6.65 5.25	6.65 8.05
9.45 8.75	9.45 5.95
3.15 1.75	3.15 4.55
8.05 5.25	8.05 2.45
8.05 5.95	8.05 8.75
5.95 9.45	5.95 6.65
6.65 9.45	9.45 9.45
5.95 3.85	5.95 1.05
1.75 5.95	1.75 3.15
6.65 1.05	9.45 1.05
2.45 7.35	2.45 10.15
1.05 1.75	1.05 4.55
1.05 1.05	3.85 1.05
8.75 1.75	8.75 4.55
4.55 3.15	4.55 0.35
8.75 8.05	8.75 5.25
4.55 4.55	4.55 7.35
endplex
boundarywalls
endbound
