R
0.7
1.4
HV
15
15
1 1 1 1 1 1 1 1 1 1 1 1 1 1 1 
1 1 1 1 1 1 1 1 1 1 1 1 1 1 1 
1 1 1 1 1 1 1 1 1 1 1 1 1 1 1 
1 1 1 1 1 1 1 1 1 1 1 1 1 1 1 
1 1 1 1 1 1 1 1 1 1 1 1 1 1 1 
1 1 1 1 1 1 1 1 1 1 1 1 1 1 1 
1 1 1 1 1 1 1 1 1 1 1 1 1 1 1 
1 1 1 1 1 1 1 1 1 1 1 1 1 1 1 
1 1 1 1 1 1 1 1 1 1 1 1 1 1 1 
1 1 1 1 1 1 1 1 1 1 1 1 1 1 1 
1 1 1 1 1 1 1 1 1 1 1 1 1 1 1 
1 1 1 1 1 1 1 1 1 1 1 1 1 1 1 
1 1 1 1 1 1 1 1 1 1 1 1 1 1 1 
1 1 1 1 1 1 1 1 1 1 1 1 1 1 1 
1 1 1 1 1 1 1 1 1 1 1 1 1 1 1 
plexiglasswalls
3.85 3.15	2.45 3.15
5.25 1.05	6.65 1.05
1.75 9.45	3.15 9.45
8.05 3.85	8.05 2.45
2.45 5.25	3.85 5.25
5.95 8.75	7.35 8.75
8.75 5.95	10.15 5.95
4.55 2.45	5.95 2.45
1.05 2.45	1.05 1.05
1.75 8.05	1.75 6.65
4.55 6.65	4.55 5.25
4.55 3.85	3.15 3.85
3.15 6.65	3.15 8.05
5.95 4.55	4.55 4.55
7.35 2.45	7.35 1.05
endplex
boundarywalls
endbound
