R
0.7
2.0999999999999996
HV
15
15
1 1 1 1 1 1 1 1 1 1 1 1 1 1 1 
1 1 1 1 1 1 1 1 1 1 1 1 1 1 1 
1 1 1 1 1 1 1 1 1 1 1 1 1 1 1 
1 1 1 1 1 1 1 1 1 1 1 1 1 1 1 
1 1 1 1 1 1 1 1 1 1 1 1 1 1 1 
1 1 1 1 1 1 1 1 1 1 1 1 1 1 1 
1 1 1 1 1 1 1 1 1 1 1 1 1 1 1 
1 1 1 1 1 1 1 1 1 1 1 1 1 1 1 
1 1 1 1 1 1 1 1 1 1 1 1 1 1 1 
1 1 1 1 1 1 1 1 1 1 1 1 1 1 1 
1 1 1 1 1 1 1 1 1 1 1 1 1 1 1 
1 1 1 1 1 1 1 1 1 1 1 1 1 1 1 
1 1 1 1 1 1 1 1 1 1 1 1 1 1 1 
1 1 1 1 1 1 1 1 1 1 1 1 1 1 1 
1 1 1 1 1 1 1 1 1 1 1 1 1 1 1 
plexiglasswalls
1.05 2.45	1.05 4.55
7.35 5.95	9.45 5.95
3.15 5.25	5.25 5.25
2.45 2.45	2.45 0.35
5.95 3.15	8.05 3.15
4.55 8.75	6.65 8.75
5.95 8.05	5.95 5.95
8.05 3.85	5.95 3.85
7.35 8.05	7.35 10.15
8.05 2.45	10.15 2.45
3.85 1.05	5.95 1.05
3.85 9.45	5.95 9.45
9.45 6.65	7.35 6.65
2.45 5.95	4.55 5.95
2.45 7.35	2.45 9.45
endplex
boundarywalls
endbound
