R
0.7
1.4
HV
15
15
1 1 1 1 1 1 1 1 1 1 1 1 1 1 1 
1 1 1 1 1 1 1 1 1 1 1 1 1 1 1 
1 1 1 1 1 1 1 1 1 1 1 1 1 1 1 
1 1 1 1 1 1 1 1 1 1 1 1 1 1 1 
1 1 1 1 1 1 1 1 1 1 1 1 1 1 1 
1 1 1 1 1 1 1 1 1 1 1 1 1 1 1 
1 1 1 1 1 1 1 1 1 1 1 1 1 1 1 
1 1 1 1 1 1 1 1 1 1 1 1 1 1 1 
1 1 1 1 1 1 1 1 1 1 1 1 1 1 1 
1 1 1 1 1 1 1 1 1 1 1 1 1 1 1 
1 1 1 1 1 1 1 1 1 1 1 1 1 1 1 
1 1 1 1 1 1 1 1 1 1 1 1 1 1 1 
1 1 1 1 1 1 1 1 1 1 1 1 1 1 1 
1 1 1 1 1 1 1 1 1 1 1 1 1 1 1 
1 1 1 1 1 1 1 1 1 1 1 1 1 1 1 
plexiglasswalls
9.45 5.25	8.05 5.25
3.85 3.15	3.85 1.75
6.65 4.55	6.65 3.15
5.95 8.05	5.95 9.45
8.75 1.75	10.15 1.75
7.35 2.45	7.35 1.05
3.15 5.25	4.55 5.25
5.25 4.55	3.85 4.55
1.75 4.55	0.35 4.55
5.25 5.25	5.25 6.65
1.75 3.15	3.15 3.15
8.05 9.45	8.05 8.05
4.55 2.45	5.95 2.45
5.95 6.65	4.55 6.65
2.45 1.05	3.85 1.05
endplex
boundarywalls
endbound
