R
0.7
2.0999999999999996
HV
15
15
1 1 1 1 1 1 1 1 1 1 1 1 1 1 1 
1 1 1 1 1 1 1 1 1 1 1 1 1 1 1 
1 1 1 1 1 1 1 1 1 1 1 1 1 1 1 
1 1 1 1 1 1 1 1 1 1 1 1 1 1 1 
1 1 1 1 1 1 1 1 1 1 1 1 1 1 1 
1 1 1 1 1 1 1 1 1 1 1 1 1 1 1 
1 1 1 1 1 1 1 1 1 1 1 1 1 1 1 
1 1 1 1 1 1 1 1 1 1 1 1 1 1 1 
1 1 1 1 1 1 1 1 1 1 1 1 1 1 1 
1 1 1 1 1 1 1 1 1 1 1 1 1 1 1 
1 1 1 1 1 1 1 1 1 1 1 1 1 1 1 
1 1 1 1 1 1 1 1 1 1 1 1 1 1 1 
1 1 1 1 1 1 1 1 1 1 1 1 1 1 1 
1 1 1 1 1 1 1 1 1 1 1 1 1 1 1 
1 1 1 1 1 1 1 1 1 1 1 1 1 1 1 
plexiglasswalls
5.95 5.25	3.85 5.25
8.75 7.35	8.75 9.45
3.15 8.75	1.05 8.75
4.55 8.05	2.45 8.05
5.25 1.75	5.25 3.85
4.55 7.35	4.55 5.25
8.05 1.05	10.15 1.05
8.05 3.15	8.05 5.25
3.15 3.15	3.15 5.25
1.05 8.05	1.05 5.95
1.05 2.45	1.05 4.55
6.65 3.15	6.65 5.25
9.45 7.35	9.45 5.25
1.75 6.65	1.75 4.55
5.95 9.45	8.05 9.45
1.75 2.45	1.75 0.35
3.85 1.05	3.85 3.15
8.05 2.45	10.15 2.45
7.35 8.05	7.35 5.95
7.35 2.45	7.35 0.35
endplex
boundarywalls
endbound
