R
0.7
2.0999999999999996
HV
15
15
1 1 1 1 1 1 1 1 1 1 1 1 1 1 1 
1 1 1 1 1 1 1 1 1 1 1 1 1 1 1 
1 1 1 1 1 1 1 1 1 1 1 1 1 1 1 
1 1 1 1 1 1 1 1 1 1 1 1 1 1 1 
1 1 1 1 1 1 1 1 1 1 1 1 1 1 1 
1 1 1 1 1 1 1 1 1 1 1 1 1 1 1 
1 1 1 1 1 1 1 1 1 1 1 1 1 1 1 
1 1 1 1 1 1 1 1 1 1 1 1 1 1 1 
1 1 1 1 1 1 1 1 1 1 1 1 1 1 1 
1 1 1 1 1 1 1 1 1 1 1 1 1 1 1 
1 1 1 1 1 1 1 1 1 1 1 1 1 1 1 
1 1 1 1 1 1 1 1 1 1 1 1 1 1 1 
1 1 1 1 1 1 1 1 1 1 1 1 1 1 1 
1 1 1 1 1 1 1 1 1 1 1 1 1 1 1 
1 1 1 1 1 1 1 1 1 1 1 1 1 1 1 
plexiglasswalls
5.25 6.65	5.25 4.55
5.95 8.05	5.95 5.95
4.55 6.65	2.45 6.65
1.75 2.45	1.75 0.35
3.85 3.15	3.85 5.25
8.75 6.65	6.65 6.65
5.95 3.15	8.05 3.15
2.45 5.95	0.35 5.95
5.25 2.45	7.35 2.45
8.75 7.35	6.65 7.35
3.85 9.45	1.75 9.45
6.65 3.85	8.75 3.85
2.45 8.75	4.55 8.75
3.15 5.95	3.15 3.85
2.45 1.75	4.55 1.75
4.55 2.45	4.55 4.55
7.35 4.55	9.45 4.55
3.85 7.35	1.75 7.35
4.55 9.45	4.55 7.35
3.15 2.45	1.05 2.45
endplex
boundarywalls
endbound
