R
0.7
1.4
HV
15
15
1 1 1 1 1 1 1 1 1 1 1 1 1 1 1 
1 1 1 1 1 1 1 1 1 1 1 1 1 1 1 
1 1 1 1 1 1 1 1 1 1 1 1 1 1 1 
1 1 1 1 1 1 1 1 1 1 1 1 1 1 1 
1 1 1 1 1 1 1 1 1 1 1 1 1 1 1 
1 1 1 1 1 1 1 1 1 1 1 1 1 1 1 
1 1 1 1 1 1 1 1 1 1 1 1 1 1 1 
1 1 1 1 1 1 1 1 1 1 1 1 1 1 1 
1 1 1 1 1 1 1 1 1 1 1 1 1 1 1 
1 1 1 1 1 1 1 1 1 1 1 1 1 1 1 
1 1 1 1 1 1 1 1 1 1 1 1 1 1 1 
1 1 1 1 1 1 1 1 1 1 1 1 1 1 1 
1 1 1 1 1 1 1 1 1 1 1 1 1 1 1 
1 1 1 1 1 1 1 1 1 1 1 1 1 1 1 
1 1 1 1 1 1 1 1 1 1 1 1 1 1 1 
plexiglasswalls
5.25 1.75	5.25 3.15
1.05 4.55	2.45 4.55
3.15 8.05	3.15 6.65
8.75 5.25	7.35 5.25
5.25 5.25	5.25 6.65
8.05 9.45	8.05 8.05
5.95 1.75	5.95 3.15
3.85 1.05	3.85 2.45
2.45 1.75	2.45 0.35
4.55 6.65	5.95 6.65
5.25 4.55	3.85 4.55
7.35 4.55	7.35 3.15
9.45 5.25	9.45 3.85
5.95 5.95	5.95 4.55
3.15 3.85	3.15 2.45
8.75 1.05	7.35 1.05
1.05 7.35	1.05 5.95
7.35 8.05	5.95 8.05
5.95 8.75	7.35 8.75
8.75 6.65	8.75 8.05
endplex
boundarywalls
endbound
