R
0.7
0.7
HV
15
15
1 1 1 1 1 1 1 1 1 1 1 1 1 1 1 
1 1 1 1 1 1 1 1 1 1 1 1 1 1 1 
1 1 1 1 1 1 1 1 1 1 1 1 1 1 1 
1 1 1 1 1 1 1 1 1 1 1 1 1 1 1 
1 1 1 1 1 1 1 1 1 1 1 1 1 1 1 
1 1 1 1 1 1 1 1 1 1 1 1 1 1 1 
1 1 1 1 1 1 1 1 1 1 1 1 1 1 1 
1 1 1 1 1 1 1 1 1 1 1 1 1 1 1 
1 1 1 1 1 1 1 1 1 1 1 1 1 1 1 
1 1 1 1 1 1 1 1 1 1 1 1 1 1 1 
1 1 1 1 1 1 1 1 1 1 1 1 1 1 1 
1 1 1 1 1 1 1 1 1 1 1 1 1 1 1 
1 1 1 1 1 1 1 1 1 1 1 1 1 1 1 
1 1 1 1 1 1 1 1 1 1 1 1 1 1 1 
1 1 1 1 1 1 1 1 1 1 1 1 1 1 1 
plexiglasswalls
9.45 8.75	8.75 8.75
5.25 3.85	4.55 3.85
1.75 9.45	1.05 9.45
1.05 2.45	1.75 2.45
2.45 9.45	3.15 9.45
3.85 3.15	3.85 3.85
1.75 4.55	1.75 5.25
7.35 8.75	6.65 8.75
5.25 8.05	5.25 7.35
8.05 5.25	7.35 5.25
1.75 1.05	1.75 1.75
4.55 1.05	4.55 1.75
3.85 1.05	3.85 0.35
2.45 8.05	1.75 8.05
3.85 8.75	3.15 8.75
6.65 1.05	6.65 0.35
3.15 5.25	3.15 5.95
6.65 7.35	7.35 7.35
9.45 4.55	8.75 4.55
5.25 8.75	4.55 8.75
endplex
boundarywalls
endbound
