R
0.7
2.0999999999999996
HV
15
15
1 1 1 1 1 1 1 1 1 1 1 1 1 1 1 
1 1 1 1 1 1 1 1 1 1 1 1 1 1 1 
1 1 1 1 1 1 1 1 1 1 1 1 1 1 1 
1 1 1 1 1 1 1 1 1 1 1 1 1 1 1 
1 1 1 1 1 1 1 1 1 1 1 1 1 1 1 
1 1 1 1 1 1 1 1 1 1 1 1 1 1 1 
1 1 1 1 1 1 1 1 1 1 1 1 1 1 1 
1 1 1 1 1 1 1 1 1 1 1 1 1 1 1 
1 1 1 1 1 1 1 1 1 1 1 1 1 1 1 
1 1 1 1 1 1 1 1 1 1 1 1 1 1 1 
1 1 1 1 1 1 1 1 1 1 1 1 1 1 1 
1 1 1 1 1 1 1 1 1 1 1 1 1 1 1 
1 1 1 1 1 1 1 1 1 1 1 1 1 1 1 
1 1 1 1 1 1 1 1 1 1 1 1 1 1 1 
1 1 1 1 1 1 1 1 1 1 1 1 1 1 1 
plexiglasswalls
2.45 4.55	2.45 2.45
2.45 1.05	4.55 1.05
8.75 1.75	6.65 1.75
7.35 4.55	7.35 2.45
9.45 7.35	7.35 7.35
4.55 7.35	4.55 5.25
5.95 1.05	8.05 1.05
8.05 6.65	5.95 6.65
1.75 9.45	1.75 7.35
3.15 8.05	3.15 10.15
3.15 5.25	3.15 7.35
3.15 2.45	1.05 2.45
8.75 8.05	8.75 10.15
4.55 4.55	6.65 4.55
5.25 8.05	7.35 8.05
endplex
boundarywalls
endbound
