R
0.7
0.7
HV
15
15
1 1 1 1 1 1 1 1 1 1 1 1 1 1 1 
1 1 1 1 1 1 1 1 1 1 1 1 1 1 1 
1 1 1 1 1 1 1 1 1 1 1 1 1 1 1 
1 1 1 1 1 1 1 1 1 1 1 1 1 1 1 
1 1 1 1 1 1 1 1 1 1 1 1 1 1 1 
1 1 1 1 1 1 1 1 1 1 1 1 1 1 1 
1 1 1 1 1 1 1 1 1 1 1 1 1 1 1 
1 1 1 1 1 1 1 1 1 1 1 1 1 1 1 
1 1 1 1 1 1 1 1 1 1 1 1 1 1 1 
1 1 1 1 1 1 1 1 1 1 1 1 1 1 1 
1 1 1 1 1 1 1 1 1 1 1 1 1 1 1 
1 1 1 1 1 1 1 1 1 1 1 1 1 1 1 
1 1 1 1 1 1 1 1 1 1 1 1 1 1 1 
1 1 1 1 1 1 1 1 1 1 1 1 1 1 1 
1 1 1 1 1 1 1 1 1 1 1 1 1 1 1 
plexiglasswalls
9.45 1.75	9.45 1.05
5.25 5.25	5.25 4.55
5.25 7.35	5.95 7.35
1.05 7.35	0.35 7.35
6.65 6.65	6.65 7.35
5.95 3.85	6.65 3.85
7.35 7.35	8.05 7.35
6.65 5.25	6.65 5.95
1.05 3.85	0.35 3.85
8.75 5.95	9.45 5.95
7.35 5.95	7.35 5.25
7.35 3.85	7.35 4.55
1.05 1.75	1.05 1.05
8.05 2.45	8.05 3.15
9.45 5.25	10.15 5.25
endplex
boundarywalls
endbound
