R
0.7
0.7
HV
15
15
1 1 1 1 1 1 1 1 1 1 1 1 1 1 1 
1 1 1 1 1 1 1 1 1 1 1 1 1 1 1 
1 1 1 1 1 1 1 1 1 1 1 1 1 1 1 
1 1 1 1 1 1 1 1 1 1 1 1 1 1 1 
1 1 1 1 1 1 1 1 1 1 1 1 1 1 1 
1 1 1 1 1 1 1 1 1 1 1 1 1 1 1 
1 1 1 1 1 1 1 1 1 1 1 1 1 1 1 
1 1 1 1 1 1 1 1 1 1 1 1 1 1 1 
1 1 1 1 1 1 1 1 1 1 1 1 1 1 1 
1 1 1 1 1 1 1 1 1 1 1 1 1 1 1 
1 1 1 1 1 1 1 1 1 1 1 1 1 1 1 
1 1 1 1 1 1 1 1 1 1 1 1 1 1 1 
1 1 1 1 1 1 1 1 1 1 1 1 1 1 1 
1 1 1 1 1 1 1 1 1 1 1 1 1 1 1 
1 1 1 1 1 1 1 1 1 1 1 1 1 1 1 
plexiglasswalls
7.35 2.45	8.05 2.45
3.85 3.15	4.55 3.15
9.45 9.45	9.45 10.15
8.75 7.35	8.75 6.65
8.05 8.05	8.05 8.75
9.45 3.15	8.75 3.15
6.65 3.15	7.35 3.15
2.45 4.55	1.75 4.55
9.45 2.45	10.15 2.45
9.45 8.05	10.15 8.05
8.75 4.55	8.75 5.25
2.45 6.65	3.15 6.65
4.55 9.45	4.55 8.75
2.45 8.75	2.45 9.45
8.05 7.35	7.35 7.35
endplex
boundarywalls
endbound
