R
0.7
2.0999999999999996
HV
15
15
1 1 1 1 1 1 1 1 1 1 1 1 1 1 1 
1 1 1 1 1 1 1 1 1 1 1 1 1 1 1 
1 1 1 1 1 1 1 1 1 1 1 1 1 1 1 
1 1 1 1 1 1 1 1 1 1 1 1 1 1 1 
1 1 1 1 1 1 1 1 1 1 1 1 1 1 1 
1 1 1 1 1 1 1 1 1 1 1 1 1 1 1 
1 1 1 1 1 1 1 1 1 1 1 1 1 1 1 
1 1 1 1 1 1 1 1 1 1 1 1 1 1 1 
1 1 1 1 1 1 1 1 1 1 1 1 1 1 1 
1 1 1 1 1 1 1 1 1 1 1 1 1 1 1 
1 1 1 1 1 1 1 1 1 1 1 1 1 1 1 
1 1 1 1 1 1 1 1 1 1 1 1 1 1 1 
1 1 1 1 1 1 1 1 1 1 1 1 1 1 1 
1 1 1 1 1 1 1 1 1 1 1 1 1 1 1 
1 1 1 1 1 1 1 1 1 1 1 1 1 1 1 
plexiglasswalls
3.85 8.75	5.95 8.75
6.65 3.15	6.65 1.05
7.35 4.55	7.35 6.65
6.65 4.55	6.65 6.65
8.05 2.45	8.05 0.35
5.95 7.35	8.05 7.35
3.85 3.85	3.85 1.75
5.25 4.55	5.25 6.65
9.45 8.05	9.45 10.15
7.35 8.05	5.25 8.05
5.95 3.15	5.95 5.25
3.15 7.35	3.15 5.25
1.05 8.75	3.15 8.75
2.45 4.55	0.35 4.55
3.85 1.05	5.95 1.05
endplex
boundarywalls
endbound
