R
0.7
3.5
HV
15
15
1 1 1 1 1 1 1 1 1 1 1 1 1 1 1 
1 1 1 1 1 1 1 1 1 1 1 1 1 1 1 
1 1 1 1 1 1 1 1 1 1 1 1 1 1 1 
1 1 1 1 1 1 1 1 1 1 1 1 1 1 1 
1 1 1 1 1 1 1 1 1 1 1 1 1 1 1 
1 1 1 1 1 1 1 1 1 1 1 1 1 1 1 
1 1 1 1 1 1 1 1 1 1 1 1 1 1 1 
1 1 1 1 1 1 1 1 1 1 1 1 1 1 1 
1 1 1 1 1 1 1 1 1 1 1 1 1 1 1 
1 1 1 1 1 1 1 1 1 1 1 1 1 1 1 
1 1 1 1 1 1 1 1 1 1 1 1 1 1 1 
1 1 1 1 1 1 1 1 1 1 1 1 1 1 1 
1 1 1 1 1 1 1 1 1 1 1 1 1 1 1 
1 1 1 1 1 1 1 1 1 1 1 1 1 1 1 
1 1 1 1 1 1 1 1 1 1 1 1 1 1 1 
plexiglasswalls
4.55 8.05	8.05 8.05
8.05 8.75	4.55 8.75
2.45 1.05	2.45 4.55
8.05 7.35	8.05 3.85
9.45 5.25	9.45 1.75
3.85 4.55	7.35 4.55
3.85 7.35	7.35 7.35
4.55 3.15	8.05 3.15
3.15 5.95	6.65 5.95
8.75 5.25	8.75 1.75
2.45 5.25	5.95 5.25
7.35 1.05	3.85 1.05
3.15 1.75	6.65 1.75
1.75 8.05	1.75 4.55
1.05 8.05	1.05 4.55
endplex
boundarywalls
endbound
