R
0.7
0.7
HV
15
15
1 1 1 1 1 1 1 1 1 1 1 1 1 1 1 
1 1 1 1 1 1 1 1 1 1 1 1 1 1 1 
1 1 1 1 1 1 1 1 1 1 1 1 1 1 1 
1 1 1 1 1 1 1 1 1 1 1 1 1 1 1 
1 1 1 1 1 1 1 1 1 1 1 1 1 1 1 
1 1 1 1 1 1 1 1 1 1 1 1 1 1 1 
1 1 1 1 1 1 1 1 1 1 1 1 1 1 1 
1 1 1 1 1 1 1 1 1 1 1 1 1 1 1 
1 1 1 1 1 1 1 1 1 1 1 1 1 1 1 
1 1 1 1 1 1 1 1 1 1 1 1 1 1 1 
1 1 1 1 1 1 1 1 1 1 1 1 1 1 1 
1 1 1 1 1 1 1 1 1 1 1 1 1 1 1 
1 1 1 1 1 1 1 1 1 1 1 1 1 1 1 
1 1 1 1 1 1 1 1 1 1 1 1 1 1 1 
1 1 1 1 1 1 1 1 1 1 1 1 1 1 1 
plexiglasswalls
3.85 1.05	3.85 1.75
8.75 3.85	8.05 3.85
5.25 3.85	5.25 4.55
6.65 6.65	6.65 7.35
2.45 7.35	3.15 7.35
3.15 1.05	3.15 1.75
3.85 7.35	3.85 8.05
7.35 2.45	7.35 3.15
5.25 8.75	5.25 8.05
1.05 1.05	1.75 1.05
8.05 1.05	8.75 1.05
3.85 5.25	3.15 5.25
5.25 9.45	4.55 9.45
4.55 3.85	3.85 3.85
5.95 2.45	6.65 2.45
6.65 5.25	7.35 5.25
4.55 1.05	5.25 1.05
5.95 8.75	5.95 9.45
1.75 8.05	1.05 8.05
5.25 3.15	4.55 3.15
endplex
boundarywalls
endbound
