R
0.7
2.0999999999999996
HV
15
15
1 1 1 1 1 1 1 1 1 1 1 1 1 1 1 
1 1 1 1 1 1 1 1 1 1 1 1 1 1 1 
1 1 1 1 1 1 1 1 1 1 1 1 1 1 1 
1 1 1 1 1 1 1 1 1 1 1 1 1 1 1 
1 1 1 1 1 1 1 1 1 1 1 1 1 1 1 
1 1 1 1 1 1 1 1 1 1 1 1 1 1 1 
1 1 1 1 1 1 1 1 1 1 1 1 1 1 1 
1 1 1 1 1 1 1 1 1 1 1 1 1 1 1 
1 1 1 1 1 1 1 1 1 1 1 1 1 1 1 
1 1 1 1 1 1 1 1 1 1 1 1 1 1 1 
1 1 1 1 1 1 1 1 1 1 1 1 1 1 1 
1 1 1 1 1 1 1 1 1 1 1 1 1 1 1 
1 1 1 1 1 1 1 1 1 1 1 1 1 1 1 
1 1 1 1 1 1 1 1 1 1 1 1 1 1 1 
1 1 1 1 1 1 1 1 1 1 1 1 1 1 1 
plexiglasswalls
5.95 4.55	5.95 6.65
3.15 4.55	3.15 2.45
8.05 9.45	10.15 9.45
5.25 1.75	7.35 1.75
5.25 3.15	7.35 3.15
5.25 5.25	5.25 7.35
3.15 7.35	1.05 7.35
5.95 3.85	8.05 3.85
7.35 9.45	5.25 9.45
2.45 5.95	4.55 5.95
8.05 5.25	8.05 3.15
2.45 9.45	4.55 9.45
5.25 8.75	3.15 8.75
3.85 1.75	3.85 3.85
7.35 8.75	9.45 8.75
2.45 2.45	2.45 4.55
2.45 1.05	0.35 1.05
8.05 5.95	8.05 8.05
1.05 1.75	3.15 1.75
6.65 7.35	4.55 7.35
endplex
boundarywalls
endbound
