R
0.7
1.4
HV
15
15
1 1 1 1 1 1 1 1 1 1 1 1 1 1 1 
1 1 1 1 1 1 1 1 1 1 1 1 1 1 1 
1 1 1 1 1 1 1 1 1 1 1 1 1 1 1 
1 1 1 1 1 1 1 1 1 1 1 1 1 1 1 
1 1 1 1 1 1 1 1 1 1 1 1 1 1 1 
1 1 1 1 1 1 1 1 1 1 1 1 1 1 1 
1 1 1 1 1 1 1 1 1 1 1 1 1 1 1 
1 1 1 1 1 1 1 1 1 1 1 1 1 1 1 
1 1 1 1 1 1 1 1 1 1 1 1 1 1 1 
1 1 1 1 1 1 1 1 1 1 1 1 1 1 1 
1 1 1 1 1 1 1 1 1 1 1 1 1 1 1 
1 1 1 1 1 1 1 1 1 1 1 1 1 1 1 
1 1 1 1 1 1 1 1 1 1 1 1 1 1 1 
1 1 1 1 1 1 1 1 1 1 1 1 1 1 1 
1 1 1 1 1 1 1 1 1 1 1 1 1 1 1 
plexiglasswalls
7.35 5.95	7.35 7.35
1.05 9.45	2.45 9.45
8.05 3.15	8.05 1.75
7.35 1.75	5.95 1.75
2.45 1.05	2.45 2.45
8.75 1.75	10.15 1.75
3.15 6.65	3.15 8.05
9.45 9.45	9.45 8.05
7.35 4.55	8.75 4.55
1.75 3.85	1.75 5.25
5.25 7.35	5.25 8.75
1.75 3.15	0.35 3.15
1.05 7.35	2.45 7.35
9.45 2.45	9.45 3.85
5.95 7.35	5.95 8.75
endplex
boundarywalls
endbound
