R
0.7
2.8
HV
15
15
1 1 1 1 1 1 1 1 1 1 1 1 1 1 1 
1 1 1 1 1 1 1 1 1 1 1 1 1 1 1 
1 1 1 1 1 1 1 1 1 1 1 1 1 1 1 
1 1 1 1 1 1 1 1 1 1 1 1 1 1 1 
1 1 1 1 1 1 1 1 1 1 1 1 1 1 1 
1 1 1 1 1 1 1 1 1 1 1 1 1 1 1 
1 1 1 1 1 1 1 1 1 1 1 1 1 1 1 
1 1 1 1 1 1 1 1 1 1 1 1 1 1 1 
1 1 1 1 1 1 1 1 1 1 1 1 1 1 1 
1 1 1 1 1 1 1 1 1 1 1 1 1 1 1 
1 1 1 1 1 1 1 1 1 1 1 1 1 1 1 
1 1 1 1 1 1 1 1 1 1 1 1 1 1 1 
1 1 1 1 1 1 1 1 1 1 1 1 1 1 1 
1 1 1 1 1 1 1 1 1 1 1 1 1 1 1 
1 1 1 1 1 1 1 1 1 1 1 1 1 1 1 
plexiglasswalls
7.35 4.55	10.15 4.55
5.25 1.05	8.05 1.05
3.15 7.35	3.15 4.55
8.05 8.75	8.05 5.95
5.25 9.45	8.05 9.45
7.35 1.75	4.55 1.75
8.75 2.45	5.95 2.45
5.25 8.75	5.25 5.95
4.55 9.45	1.75 9.45
9.45 5.95	6.65 5.95
6.65 7.35	6.65 4.55
8.05 3.85	5.25 3.85
1.05 3.15	1.05 0.35
8.75 7.35	8.75 10.15
4.55 5.25	4.55 8.05
endplex
boundarywalls
endbound
