R
0.7
1.4
HV
15
15
1 1 1 1 1 1 1 1 1 1 1 1 1 1 1 
1 1 1 1 1 1 1 1 1 1 1 1 1 1 1 
1 1 1 1 1 1 1 1 1 1 1 1 1 1 1 
1 1 1 1 1 1 1 1 1 1 1 1 1 1 1 
1 1 1 1 1 1 1 1 1 1 1 1 1 1 1 
1 1 1 1 1 1 1 1 1 1 1 1 1 1 1 
1 1 1 1 1 1 1 1 1 1 1 1 1 1 1 
1 1 1 1 1 1 1 1 1 1 1 1 1 1 1 
1 1 1 1 1 1 1 1 1 1 1 1 1 1 1 
1 1 1 1 1 1 1 1 1 1 1 1 1 1 1 
1 1 1 1 1 1 1 1 1 1 1 1 1 1 1 
1 1 1 1 1 1 1 1 1 1 1 1 1 1 1 
1 1 1 1 1 1 1 1 1 1 1 1 1 1 1 
1 1 1 1 1 1 1 1 1 1 1 1 1 1 1 
1 1 1 1 1 1 1 1 1 1 1 1 1 1 1 
plexiglasswalls
8.05 1.75	8.05 0.35
3.85 3.15	3.85 1.75
8.75 3.15	10.15 3.15
7.35 3.85	7.35 2.45
5.95 4.55	4.55 4.55
7.35 9.45	5.95 9.45
8.05 3.85	9.45 3.85
1.75 9.45	1.75 8.05
6.65 5.95	5.25 5.95
1.75 1.05	1.75 2.45
4.55 6.65	3.15 6.65
8.75 6.65	8.75 8.05
1.05 6.65	2.45 6.65
3.85 8.75	2.45 8.75
8.05 6.65	6.65 6.65
endplex
boundarywalls
endbound
