R
0.7
1.4
HV
15
15
1 1 1 1 1 1 1 1 1 1 1 1 1 1 1 
1 1 1 1 1 1 1 1 1 1 1 1 1 1 1 
1 1 1 1 1 1 1 1 1 1 1 1 1 1 1 
1 1 1 1 1 1 1 1 1 1 1 1 1 1 1 
1 1 1 1 1 1 1 1 1 1 1 1 1 1 1 
1 1 1 1 1 1 1 1 1 1 1 1 1 1 1 
1 1 1 1 1 1 1 1 1 1 1 1 1 1 1 
1 1 1 1 1 1 1 1 1 1 1 1 1 1 1 
1 1 1 1 1 1 1 1 1 1 1 1 1 1 1 
1 1 1 1 1 1 1 1 1 1 1 1 1 1 1 
1 1 1 1 1 1 1 1 1 1 1 1 1 1 1 
1 1 1 1 1 1 1 1 1 1 1 1 1 1 1 
1 1 1 1 1 1 1 1 1 1 1 1 1 1 1 
1 1 1 1 1 1 1 1 1 1 1 1 1 1 1 
1 1 1 1 1 1 1 1 1 1 1 1 1 1 1 
plexiglasswalls
9.45 7.35	9.45 5.95
1.75 5.25	1.75 6.65
9.45 1.75	9.45 0.35
5.95 4.55	7.35 4.55
7.35 5.95	5.95 5.95
3.15 1.75	3.15 3.15
6.65 9.45	8.05 9.45
5.95 7.35	5.95 8.75
8.05 7.35	8.05 8.75
4.55 7.35	4.55 8.75
1.75 1.05	0.35 1.05
5.25 5.95	5.25 7.35
8.05 1.75	8.05 3.15
9.45 4.55	9.45 3.15
5.25 3.15	3.85 3.15
8.75 8.75	8.75 7.35
3.85 4.55	3.85 5.95
1.05 3.85	1.05 2.45
5.25 1.05	5.25 2.45
8.05 6.65	8.05 5.25
endplex
boundarywalls
endbound
