R
0.7
2.0999999999999996
HV
15
15
1 1 1 1 1 1 1 1 1 1 1 1 1 1 1 
1 1 1 1 1 1 1 1 1 1 1 1 1 1 1 
1 1 1 1 1 1 1 1 1 1 1 1 1 1 1 
1 1 1 1 1 1 1 1 1 1 1 1 1 1 1 
1 1 1 1 1 1 1 1 1 1 1 1 1 1 1 
1 1 1 1 1 1 1 1 1 1 1 1 1 1 1 
1 1 1 1 1 1 1 1 1 1 1 1 1 1 1 
1 1 1 1 1 1 1 1 1 1 1 1 1 1 1 
1 1 1 1 1 1 1 1 1 1 1 1 1 1 1 
1 1 1 1 1 1 1 1 1 1 1 1 1 1 1 
1 1 1 1 1 1 1 1 1 1 1 1 1 1 1 
1 1 1 1 1 1 1 1 1 1 1 1 1 1 1 
1 1 1 1 1 1 1 1 1 1 1 1 1 1 1 
1 1 1 1 1 1 1 1 1 1 1 1 1 1 1 
1 1 1 1 1 1 1 1 1 1 1 1 1 1 1 
plexiglasswalls
6.65 8.05	4.55 8.05
1.75 1.75	1.75 3.85
6.65 6.65	6.65 4.55
4.55 1.05	2.45 1.05
8.05 2.45	5.95 2.45
2.45 5.95	2.45 8.05
3.15 4.55	1.05 4.55
8.75 3.15	8.75 1.05
5.25 3.15	7.35 3.15
5.95 7.35	3.85 7.35
1.75 7.35	1.75 9.45
1.05 5.25	1.05 7.35
8.75 7.35	8.75 5.25
5.95 6.65	5.95 4.55
2.45 2.45	2.45 0.35
endplex
boundarywalls
endbound
