R
0.7
0.7
HV
15
15
1 1 1 1 1 1 1 1 1 1 1 1 1 1 1 
1 1 1 1 1 1 1 1 1 1 1 1 1 1 1 
1 1 1 1 1 1 1 1 1 1 1 1 1 1 1 
1 1 1 1 1 1 1 1 1 1 1 1 1 1 1 
1 1 1 1 1 1 1 1 1 1 1 1 1 1 1 
1 1 1 1 1 1 1 1 1 1 1 1 1 1 1 
1 1 1 1 1 1 1 1 1 1 1 1 1 1 1 
1 1 1 1 1 1 1 1 1 1 1 1 1 1 1 
1 1 1 1 1 1 1 1 1 1 1 1 1 1 1 
1 1 1 1 1 1 1 1 1 1 1 1 1 1 1 
1 1 1 1 1 1 1 1 1 1 1 1 1 1 1 
1 1 1 1 1 1 1 1 1 1 1 1 1 1 1 
1 1 1 1 1 1 1 1 1 1 1 1 1 1 1 
1 1 1 1 1 1 1 1 1 1 1 1 1 1 1 
1 1 1 1 1 1 1 1 1 1 1 1 1 1 1 
plexiglasswalls
5.25 8.75	5.25 9.45
5.25 2.45	4.55 2.45
1.75 8.05	1.75 7.35
1.05 4.55	1.05 5.25
8.05 8.75	8.05 8.05
3.15 8.05	2.45 8.05
2.45 6.65	2.45 5.95
8.75 4.55	8.75 3.85
2.45 2.45	3.15 2.45
9.45 4.55	9.45 3.85
4.55 4.55	3.85 4.55
8.05 1.05	8.75 1.05
9.45 7.35	10.15 7.35
5.95 5.25	5.95 5.95
6.65 9.45	6.65 8.75
endplex
boundarywalls
endbound
