R
0.7
2.8
HV
15
15
1 1 1 1 1 1 1 1 1 1 1 1 1 1 1 
1 1 1 1 1 1 1 1 1 1 1 1 1 1 1 
1 1 1 1 1 1 1 1 1 1 1 1 1 1 1 
1 1 1 1 1 1 1 1 1 1 1 1 1 1 1 
1 1 1 1 1 1 1 1 1 1 1 1 1 1 1 
1 1 1 1 1 1 1 1 1 1 1 1 1 1 1 
1 1 1 1 1 1 1 1 1 1 1 1 1 1 1 
1 1 1 1 1 1 1 1 1 1 1 1 1 1 1 
1 1 1 1 1 1 1 1 1 1 1 1 1 1 1 
1 1 1 1 1 1 1 1 1 1 1 1 1 1 1 
1 1 1 1 1 1 1 1 1 1 1 1 1 1 1 
1 1 1 1 1 1 1 1 1 1 1 1 1 1 1 
1 1 1 1 1 1 1 1 1 1 1 1 1 1 1 
1 1 1 1 1 1 1 1 1 1 1 1 1 1 1 
1 1 1 1 1 1 1 1 1 1 1 1 1 1 1 
plexiglasswalls
3.85 5.95	1.05 5.95
6.65 1.75	9.45 1.75
5.25 1.75	5.25 4.55
5.95 1.05	5.95 3.85
3.15 7.35	0.35 7.35
3.15 8.75	5.95 8.75
3.15 3.15	3.15 0.35
7.35 2.45	10.15 2.45
6.65 7.35	9.45 7.35
7.35 3.85	10.15 3.85
6.65 9.45	6.65 6.65
3.85 1.75	3.85 4.55
7.35 4.55	10.15 4.55
7.35 5.95	10.15 5.95
1.75 1.75	1.75 4.55
2.45 5.25	5.25 5.25
7.35 8.05	10.15 8.05
9.45 3.15	6.65 3.15
1.75 8.05	4.55 8.05
4.55 9.45	1.75 9.45
endplex
boundarywalls
endbound
