R
0.7
1.4
HV
15
15
1 1 1 1 1 1 1 1 1 1 1 1 1 1 1 
1 1 1 1 1 1 1 1 1 1 1 1 1 1 1 
1 1 1 1 1 1 1 1 1 1 1 1 1 1 1 
1 1 1 1 1 1 1 1 1 1 1 1 1 1 1 
1 1 1 1 1 1 1 1 1 1 1 1 1 1 1 
1 1 1 1 1 1 1 1 1 1 1 1 1 1 1 
1 1 1 1 1 1 1 1 1 1 1 1 1 1 1 
1 1 1 1 1 1 1 1 1 1 1 1 1 1 1 
1 1 1 1 1 1 1 1 1 1 1 1 1 1 1 
1 1 1 1 1 1 1 1 1 1 1 1 1 1 1 
1 1 1 1 1 1 1 1 1 1 1 1 1 1 1 
1 1 1 1 1 1 1 1 1 1 1 1 1 1 1 
1 1 1 1 1 1 1 1 1 1 1 1 1 1 1 
1 1 1 1 1 1 1 1 1 1 1 1 1 1 1 
1 1 1 1 1 1 1 1 1 1 1 1 1 1 1 
plexiglasswalls
3.85 8.75	2.45 8.75
3.85 5.25	3.85 3.85
8.75 2.45	8.75 3.85
8.75 6.65	8.75 8.05
3.85 3.15	3.85 1.75
4.55 8.05	3.15 8.05
1.05 2.45	2.45 2.45
5.25 5.25	5.25 3.85
3.15 2.45	3.15 1.05
1.75 9.45	0.35 9.45
4.55 8.75	5.95 8.75
8.05 3.85	6.65 3.85
8.75 8.75	7.35 8.75
3.85 2.45	5.25 2.45
6.65 1.75	8.05 1.75
endplex
boundarywalls
endbound
