R
0.7
0.7
HV
15
15
1 1 1 1 1 1 1 1 1 1 1 1 1 1 1 
1 1 1 1 1 1 1 1 1 1 1 1 1 1 1 
1 1 1 1 1 1 1 1 1 1 1 1 1 1 1 
1 1 1 1 1 1 1 1 1 1 1 1 1 1 1 
1 1 1 1 1 1 1 1 1 1 1 1 1 1 1 
1 1 1 1 1 1 1 1 1 1 1 1 1 1 1 
1 1 1 1 1 1 1 1 1 1 1 1 1 1 1 
1 1 1 1 1 1 1 1 1 1 1 1 1 1 1 
1 1 1 1 1 1 1 1 1 1 1 1 1 1 1 
1 1 1 1 1 1 1 1 1 1 1 1 1 1 1 
1 1 1 1 1 1 1 1 1 1 1 1 1 1 1 
1 1 1 1 1 1 1 1 1 1 1 1 1 1 1 
1 1 1 1 1 1 1 1 1 1 1 1 1 1 1 
1 1 1 1 1 1 1 1 1 1 1 1 1 1 1 
1 1 1 1 1 1 1 1 1 1 1 1 1 1 1 
plexiglasswalls
1.75 6.65	1.75 7.35
1.75 1.05	2.45 1.05
5.25 1.75	5.25 1.05
3.85 1.05	3.85 1.75
6.65 4.55	5.95 4.55
3.15 3.15	3.15 2.45
5.95 2.45	5.95 3.15
1.05 7.35	0.35 7.35
5.95 9.45	5.95 10.15
8.05 6.65	8.05 7.35
8.75 1.05	8.75 0.35
9.45 5.25	9.45 4.55
5.25 6.65	5.25 5.95
9.45 3.15	8.75 3.15
8.05 3.15	8.05 2.45
endplex
boundarywalls
endbound
