R
0.7
1.4
HV
15
15
1 1 1 1 1 1 1 1 1 1 1 1 1 1 1 
1 1 1 1 1 1 1 1 1 1 1 1 1 1 1 
1 1 1 1 1 1 1 1 1 1 1 1 1 1 1 
1 1 1 1 1 1 1 1 1 1 1 1 1 1 1 
1 1 1 1 1 1 1 1 1 1 1 1 1 1 1 
1 1 1 1 1 1 1 1 1 1 1 1 1 1 1 
1 1 1 1 1 1 1 1 1 1 1 1 1 1 1 
1 1 1 1 1 1 1 1 1 1 1 1 1 1 1 
1 1 1 1 1 1 1 1 1 1 1 1 1 1 1 
1 1 1 1 1 1 1 1 1 1 1 1 1 1 1 
1 1 1 1 1 1 1 1 1 1 1 1 1 1 1 
1 1 1 1 1 1 1 1 1 1 1 1 1 1 1 
1 1 1 1 1 1 1 1 1 1 1 1 1 1 1 
1 1 1 1 1 1 1 1 1 1 1 1 1 1 1 
1 1 1 1 1 1 1 1 1 1 1 1 1 1 1 
plexiglasswalls
2.45 9.45	3.85 9.45
5.95 6.65	5.95 5.25
4.55 8.75	4.55 7.35
6.65 5.25	8.05 5.25
8.05 5.95	8.05 7.35
2.45 1.75	2.45 3.15
4.55 1.75	3.15 1.75
1.75 8.05	0.35 8.05
8.05 2.45	9.45 2.45
3.85 8.05	3.85 6.65
2.45 4.55	3.85 4.55
1.75 4.55	1.75 3.15
7.35 7.35	5.95 7.35
6.65 8.75	6.65 10.15
5.25 9.45	5.25 8.05
endplex
boundarywalls
endbound
