R
0.7
2.8
HV
15
15
1 1 1 1 1 1 1 1 1 1 1 1 1 1 1 
1 1 1 1 1 1 1 1 1 1 1 1 1 1 1 
1 1 1 1 1 1 1 1 1 1 1 1 1 1 1 
1 1 1 1 1 1 1 1 1 1 1 1 1 1 1 
1 1 1 1 1 1 1 1 1 1 1 1 1 1 1 
1 1 1 1 1 1 1 1 1 1 1 1 1 1 1 
1 1 1 1 1 1 1 1 1 1 1 1 1 1 1 
1 1 1 1 1 1 1 1 1 1 1 1 1 1 1 
1 1 1 1 1 1 1 1 1 1 1 1 1 1 1 
1 1 1 1 1 1 1 1 1 1 1 1 1 1 1 
1 1 1 1 1 1 1 1 1 1 1 1 1 1 1 
1 1 1 1 1 1 1 1 1 1 1 1 1 1 1 
1 1 1 1 1 1 1 1 1 1 1 1 1 1 1 
1 1 1 1 1 1 1 1 1 1 1 1 1 1 1 
1 1 1 1 1 1 1 1 1 1 1 1 1 1 1 
plexiglasswalls
1.05 1.05	1.05 3.85
3.85 4.55	3.85 1.75
1.75 9.45	4.55 9.45
5.95 8.75	5.95 5.95
6.65 9.45	9.45 9.45
6.65 6.65	9.45 6.65
5.25 4.55	5.25 1.75
3.85 5.25	1.05 5.25
8.75 1.05	5.95 1.05
4.55 5.25	7.35 5.25
8.75 7.35	5.95 7.35
1.75 1.75	1.75 4.55
6.65 5.95	3.85 5.95
7.35 4.55	7.35 1.75
3.15 5.95	3.15 8.75
3.15 4.55	3.15 1.75
4.55 3.15	4.55 0.35
9.45 5.25	9.45 2.45
2.45 1.05	2.45 3.85
7.35 8.05	10.15 8.05
endplex
boundarywalls
endbound
