R
0.7
0.7
HV
15
15
1 1 1 1 1 1 1 1 1 1 1 1 1 1 1 
1 1 1 1 1 1 1 1 1 1 1 1 1 1 1 
1 1 1 1 1 1 1 1 1 1 1 1 1 1 1 
1 1 1 1 1 1 1 1 1 1 1 1 1 1 1 
1 1 1 1 1 1 1 1 1 1 1 1 1 1 1 
1 1 1 1 1 1 1 1 1 1 1 1 1 1 1 
1 1 1 1 1 1 1 1 1 1 1 1 1 1 1 
1 1 1 1 1 1 1 1 1 1 1 1 1 1 1 
1 1 1 1 1 1 1 1 1 1 1 1 1 1 1 
1 1 1 1 1 1 1 1 1 1 1 1 1 1 1 
1 1 1 1 1 1 1 1 1 1 1 1 1 1 1 
1 1 1 1 1 1 1 1 1 1 1 1 1 1 1 
1 1 1 1 1 1 1 1 1 1 1 1 1 1 1 
1 1 1 1 1 1 1 1 1 1 1 1 1 1 1 
1 1 1 1 1 1 1 1 1 1 1 1 1 1 1 
plexiglasswalls
5.25 4.55	5.25 5.25
1.75 9.45	1.75 8.75
8.05 1.75	8.05 2.45
3.85 9.45	3.85 10.15
1.05 1.05	1.75 1.05
5.25 1.75	5.25 1.05
4.55 5.95	3.85 5.95
7.35 9.45	6.65 9.45
6.65 1.05	7.35 1.05
1.75 3.85	1.75 3.15
1.75 5.25	1.75 5.95
9.45 9.45	9.45 10.15
9.45 3.15	9.45 3.85
4.55 4.55	4.55 3.85
7.35 4.55	6.65 4.55
9.45 5.95	9.45 6.65
5.95 8.75	6.65 8.75
1.05 9.45	1.05 10.15
8.75 3.85	8.75 4.55
8.75 8.75	8.75 8.05
endplex
boundarywalls
endbound
