R
0.7
2.8
HV
15
15
1 1 1 1 1 1 1 1 1 1 1 1 1 1 1 
1 1 1 1 1 1 1 1 1 1 1 1 1 1 1 
1 1 1 1 1 1 1 1 1 1 1 1 1 1 1 
1 1 1 1 1 1 1 1 1 1 1 1 1 1 1 
1 1 1 1 1 1 1 1 1 1 1 1 1 1 1 
1 1 1 1 1 1 1 1 1 1 1 1 1 1 1 
1 1 1 1 1 1 1 1 1 1 1 1 1 1 1 
1 1 1 1 1 1 1 1 1 1 1 1 1 1 1 
1 1 1 1 1 1 1 1 1 1 1 1 1 1 1 
1 1 1 1 1 1 1 1 1 1 1 1 1 1 1 
1 1 1 1 1 1 1 1 1 1 1 1 1 1 1 
1 1 1 1 1 1 1 1 1 1 1 1 1 1 1 
1 1 1 1 1 1 1 1 1 1 1 1 1 1 1 
1 1 1 1 1 1 1 1 1 1 1 1 1 1 1 
1 1 1 1 1 1 1 1 1 1 1 1 1 1 1 
plexiglasswalls
5.25 5.25	2.45 5.25
8.75 5.95	8.75 8.75
9.45 4.55	9.45 1.75
3.15 4.55	3.15 1.75
3.15 6.65	3.15 9.45
3.85 3.15	3.85 0.35
3.85 8.75	6.65 8.75
1.05 3.15	1.05 0.35
5.95 7.35	5.95 4.55
1.75 1.75	1.75 4.55
7.35 3.15	4.55 3.15
8.05 7.35	8.05 10.15
7.35 8.05	7.35 5.25
1.05 6.65	1.05 9.45
3.85 8.05	6.65 8.05
1.75 9.45	1.75 6.65
8.75 5.25	5.95 5.25
5.95 2.45	8.75 2.45
8.05 1.75	5.25 1.75
2.45 1.05	2.45 3.85
endplex
boundarywalls
endbound
