R
0.7
0.7
HV
15
15
1 1 1 1 1 1 1 1 1 1 1 1 1 1 1 
1 1 1 1 1 1 1 1 1 1 1 1 1 1 1 
1 1 1 1 1 1 1 1 1 1 1 1 1 1 1 
1 1 1 1 1 1 1 1 1 1 1 1 1 1 1 
1 1 1 1 1 1 1 1 1 1 1 1 1 1 1 
1 1 1 1 1 1 1 1 1 1 1 1 1 1 1 
1 1 1 1 1 1 1 1 1 1 1 1 1 1 1 
1 1 1 1 1 1 1 1 1 1 1 1 1 1 1 
1 1 1 1 1 1 1 1 1 1 1 1 1 1 1 
1 1 1 1 1 1 1 1 1 1 1 1 1 1 1 
1 1 1 1 1 1 1 1 1 1 1 1 1 1 1 
1 1 1 1 1 1 1 1 1 1 1 1 1 1 1 
1 1 1 1 1 1 1 1 1 1 1 1 1 1 1 
1 1 1 1 1 1 1 1 1 1 1 1 1 1 1 
1 1 1 1 1 1 1 1 1 1 1 1 1 1 1 
plexiglasswalls
4.55 2.45	3.85 2.45
7.35 6.65	7.35 7.35
5.25 6.65	4.55 6.65
3.85 4.55	3.85 3.85
3.15 5.25	3.85 5.25
8.75 4.55	8.75 3.85
3.15 5.95	2.45 5.95
6.65 3.15	6.65 2.45
4.55 5.95	5.25 5.95
3.85 8.05	3.85 8.75
7.35 1.05	7.35 1.75
2.45 6.65	2.45 7.35
5.95 5.25	5.25 5.25
9.45 3.85	9.45 4.55
9.45 3.15	8.75 3.15
1.75 1.05	1.05 1.05
3.15 2.45	3.15 3.15
4.55 9.45	4.55 8.75
1.75 7.35	1.75 6.65
8.75 1.75	9.45 1.75
endplex
boundarywalls
endbound
