R
0.7
2.0999999999999996
HV
15
15
1 1 1 1 1 1 1 1 1 1 1 1 1 1 1 
1 1 1 1 1 1 1 1 1 1 1 1 1 1 1 
1 1 1 1 1 1 1 1 1 1 1 1 1 1 1 
1 1 1 1 1 1 1 1 1 1 1 1 1 1 1 
1 1 1 1 1 1 1 1 1 1 1 1 1 1 1 
1 1 1 1 1 1 1 1 1 1 1 1 1 1 1 
1 1 1 1 1 1 1 1 1 1 1 1 1 1 1 
1 1 1 1 1 1 1 1 1 1 1 1 1 1 1 
1 1 1 1 1 1 1 1 1 1 1 1 1 1 1 
1 1 1 1 1 1 1 1 1 1 1 1 1 1 1 
1 1 1 1 1 1 1 1 1 1 1 1 1 1 1 
1 1 1 1 1 1 1 1 1 1 1 1 1 1 1 
1 1 1 1 1 1 1 1 1 1 1 1 1 1 1 
1 1 1 1 1 1 1 1 1 1 1 1 1 1 1 
1 1 1 1 1 1 1 1 1 1 1 1 1 1 1 
plexiglasswalls
1.05 5.25	1.05 7.35
3.85 5.25	1.75 5.25
6.65 1.75	6.65 3.85
3.85 2.45	3.85 4.55
4.55 5.95	4.55 3.85
8.05 2.45	8.05 0.35
9.45 7.35	9.45 9.45
5.95 3.85	5.95 1.75
5.95 9.45	5.95 7.35
3.15 2.45	3.15 4.55
5.25 6.65	5.25 4.55
3.15 9.45	5.25 9.45
5.25 1.05	7.35 1.05
4.55 6.65	2.45 6.65
2.45 3.15	2.45 1.05
endplex
boundarywalls
endbound
