R
0.7
0.7
HV
15
15
1 1 1 1 1 1 1 1 1 1 1 1 1 1 1 
1 1 1 1 1 1 1 1 1 1 1 1 1 1 1 
1 1 1 1 1 1 1 1 1 1 1 1 1 1 1 
1 1 1 1 1 1 1 1 1 1 1 1 1 1 1 
1 1 1 1 1 1 1 1 1 1 1 1 1 1 1 
1 1 1 1 1 1 1 1 1 1 1 1 1 1 1 
1 1 1 1 1 1 1 1 1 1 1 1 1 1 1 
1 1 1 1 1 1 1 1 1 1 1 1 1 1 1 
1 1 1 1 1 1 1 1 1 1 1 1 1 1 1 
1 1 1 1 1 1 1 1 1 1 1 1 1 1 1 
1 1 1 1 1 1 1 1 1 1 1 1 1 1 1 
1 1 1 1 1 1 1 1 1 1 1 1 1 1 1 
1 1 1 1 1 1 1 1 1 1 1 1 1 1 1 
1 1 1 1 1 1 1 1 1 1 1 1 1 1 1 
1 1 1 1 1 1 1 1 1 1 1 1 1 1 1 
plexiglasswalls
8.05 2.45	8.75 2.45
5.95 4.55	5.95 5.25
9.45 7.35	9.45 6.65
8.05 1.05	8.05 1.75
4.55 5.25	4.55 5.95
6.65 1.75	7.35 1.75
3.85 3.15	4.55 3.15
5.25 8.75	5.25 9.45
7.35 8.05	6.65 8.05
1.05 3.85	1.05 3.15
2.45 3.85	2.45 4.55
8.75 6.65	8.05 6.65
5.95 2.45	5.95 3.15
8.05 8.05	8.05 8.75
7.35 5.95	8.05 5.95
endplex
boundarywalls
endbound
