R
0.7
2.8
HV
15
15
1 1 1 1 1 1 1 1 1 1 1 1 1 1 1 
1 1 1 1 1 1 1 1 1 1 1 1 1 1 1 
1 1 1 1 1 1 1 1 1 1 1 1 1 1 1 
1 1 1 1 1 1 1 1 1 1 1 1 1 1 1 
1 1 1 1 1 1 1 1 1 1 1 1 1 1 1 
1 1 1 1 1 1 1 1 1 1 1 1 1 1 1 
1 1 1 1 1 1 1 1 1 1 1 1 1 1 1 
1 1 1 1 1 1 1 1 1 1 1 1 1 1 1 
1 1 1 1 1 1 1 1 1 1 1 1 1 1 1 
1 1 1 1 1 1 1 1 1 1 1 1 1 1 1 
1 1 1 1 1 1 1 1 1 1 1 1 1 1 1 
1 1 1 1 1 1 1 1 1 1 1 1 1 1 1 
1 1 1 1 1 1 1 1 1 1 1 1 1 1 1 
1 1 1 1 1 1 1 1 1 1 1 1 1 1 1 
1 1 1 1 1 1 1 1 1 1 1 1 1 1 1 
plexiglasswalls
2.45 9.45	5.25 9.45
5.25 2.45	8.05 2.45
7.35 9.45	7.35 6.65
1.05 1.75	3.85 1.75
1.05 7.35	3.85 7.35
8.75 6.65	8.75 3.85
7.35 8.75	10.15 8.75
3.85 1.05	1.05 1.05
1.05 5.25	3.85 5.25
2.45 4.55	5.25 4.55
7.35 7.35	10.15 7.35
9.45 3.15	9.45 5.95
8.05 5.25	5.25 5.25
4.55 5.95	4.55 8.75
7.35 1.05	4.55 1.05
endplex
boundarywalls
endbound
