R
0.7
0.7
HV
15
15
1 1 1 1 1 1 1 1 1 1 1 1 1 1 1 
1 1 1 1 1 1 1 1 1 1 1 1 1 1 1 
1 1 1 1 1 1 1 1 1 1 1 1 1 1 1 
1 1 1 1 1 1 1 1 1 1 1 1 1 1 1 
1 1 1 1 1 1 1 1 1 1 1 1 1 1 1 
1 1 1 1 1 1 1 1 1 1 1 1 1 1 1 
1 1 1 1 1 1 1 1 1 1 1 1 1 1 1 
1 1 1 1 1 1 1 1 1 1 1 1 1 1 1 
1 1 1 1 1 1 1 1 1 1 1 1 1 1 1 
1 1 1 1 1 1 1 1 1 1 1 1 1 1 1 
1 1 1 1 1 1 1 1 1 1 1 1 1 1 1 
1 1 1 1 1 1 1 1 1 1 1 1 1 1 1 
1 1 1 1 1 1 1 1 1 1 1 1 1 1 1 
1 1 1 1 1 1 1 1 1 1 1 1 1 1 1 
1 1 1 1 1 1 1 1 1 1 1 1 1 1 1 
plexiglasswalls
3.85 3.85	3.85 3.15
4.55 2.45	4.55 1.75
3.85 1.05	4.55 1.05
8.75 1.05	8.75 0.35
7.35 6.65	7.35 7.35
6.65 1.05	6.65 1.75
1.75 1.75	1.75 1.05
4.55 5.25	5.25 5.25
2.45 5.25	2.45 4.55
1.05 5.25	1.75 5.25
5.25 8.75	5.25 8.05
8.05 1.05	7.35 1.05
2.45 3.15	2.45 3.85
5.95 5.25	5.95 5.95
7.35 8.05	6.65 8.05
9.45 5.95	10.15 5.95
7.35 2.45	6.65 2.45
1.05 7.35	1.05 8.05
9.45 3.85	10.15 3.85
8.05 6.65	8.05 7.35
endplex
boundarywalls
endbound
