R
0.7
0.7
HV
15
15
1 1 1 1 1 1 1 1 1 1 1 1 1 1 1 
1 1 1 1 1 1 1 1 1 1 1 1 1 1 1 
1 1 1 1 1 1 1 1 1 1 1 1 1 1 1 
1 1 1 1 1 1 1 1 1 1 1 1 1 1 1 
1 1 1 1 1 1 1 1 1 1 1 1 1 1 1 
1 1 1 1 1 1 1 1 1 1 1 1 1 1 1 
1 1 1 1 1 1 1 1 1 1 1 1 1 1 1 
1 1 1 1 1 1 1 1 1 1 1 1 1 1 1 
1 1 1 1 1 1 1 1 1 1 1 1 1 1 1 
1 1 1 1 1 1 1 1 1 1 1 1 1 1 1 
1 1 1 1 1 1 1 1 1 1 1 1 1 1 1 
1 1 1 1 1 1 1 1 1 1 1 1 1 1 1 
1 1 1 1 1 1 1 1 1 1 1 1 1 1 1 
1 1 1 1 1 1 1 1 1 1 1 1 1 1 1 
1 1 1 1 1 1 1 1 1 1 1 1 1 1 1 
plexiglasswalls
3.85 3.85	3.15 3.85
6.65 9.45	5.95 9.45
8.75 3.85	8.05 3.85
5.25 8.05	5.95 8.05
6.65 5.25	6.65 5.95
8.05 4.55	8.05 5.25
5.95 4.55	5.95 3.85
1.75 3.85	1.05 3.85
8.75 1.75	8.75 2.45
5.25 2.45	5.25 3.15
1.75 9.45	1.75 10.15
8.05 7.35	7.35 7.35
4.55 1.05	4.55 0.35
5.95 5.95	5.25 5.95
8.05 1.05	8.75 1.05
5.25 5.25	5.95 5.25
7.35 5.25	7.35 5.95
1.05 1.75	1.75 1.75
3.85 6.65	4.55 6.65
8.05 9.45	8.75 9.45
endplex
boundarywalls
endbound
