R
0.7
2.0999999999999996
HV
15
15
1 1 1 1 1 1 1 1 1 1 1 1 1 1 1 
1 1 1 1 1 1 1 1 1 1 1 1 1 1 1 
1 1 1 1 1 1 1 1 1 1 1 1 1 1 1 
1 1 1 1 1 1 1 1 1 1 1 1 1 1 1 
1 1 1 1 1 1 1 1 1 1 1 1 1 1 1 
1 1 1 1 1 1 1 1 1 1 1 1 1 1 1 
1 1 1 1 1 1 1 1 1 1 1 1 1 1 1 
1 1 1 1 1 1 1 1 1 1 1 1 1 1 1 
1 1 1 1 1 1 1 1 1 1 1 1 1 1 1 
1 1 1 1 1 1 1 1 1 1 1 1 1 1 1 
1 1 1 1 1 1 1 1 1 1 1 1 1 1 1 
1 1 1 1 1 1 1 1 1 1 1 1 1 1 1 
1 1 1 1 1 1 1 1 1 1 1 1 1 1 1 
1 1 1 1 1 1 1 1 1 1 1 1 1 1 1 
1 1 1 1 1 1 1 1 1 1 1 1 1 1 1 
plexiglasswalls
1.05 3.85	3.15 3.85
6.65 3.85	4.55 3.85
4.55 5.25	2.45 5.25
8.75 6.65	6.65 6.65
7.35 1.75	7.35 3.85
7.35 7.35	9.45 7.35
1.75 8.05	3.85 8.05
8.75 4.55	6.65 4.55
5.95 8.05	8.05 8.05
6.65 2.45	6.65 0.35
3.15 6.65	5.25 6.65
8.75 8.05	8.75 10.15
1.05 1.05	3.15 1.05
3.85 1.75	3.85 3.85
1.75 6.65	1.75 4.55
endplex
boundarywalls
endbound
