R
0.7
2.8
HV
15
15
1 1 1 1 1 1 1 1 1 1 1 1 1 1 1 
1 1 1 1 1 1 1 1 1 1 1 1 1 1 1 
1 1 1 1 1 1 1 1 1 1 1 1 1 1 1 
1 1 1 1 1 1 1 1 1 1 1 1 1 1 1 
1 1 1 1 1 1 1 1 1 1 1 1 1 1 1 
1 1 1 1 1 1 1 1 1 1 1 1 1 1 1 
1 1 1 1 1 1 1 1 1 1 1 1 1 1 1 
1 1 1 1 1 1 1 1 1 1 1 1 1 1 1 
1 1 1 1 1 1 1 1 1 1 1 1 1 1 1 
1 1 1 1 1 1 1 1 1 1 1 1 1 1 1 
1 1 1 1 1 1 1 1 1 1 1 1 1 1 1 
1 1 1 1 1 1 1 1 1 1 1 1 1 1 1 
1 1 1 1 1 1 1 1 1 1 1 1 1 1 1 
1 1 1 1 1 1 1 1 1 1 1 1 1 1 1 
1 1 1 1 1 1 1 1 1 1 1 1 1 1 1 
plexiglasswalls
7.35 5.95	10.15 5.95
3.15 8.05	0.35 8.05
2.45 3.15	2.45 5.95
3.15 8.75	5.95 8.75
5.95 3.85	3.15 3.85
3.15 1.05	0.35 1.05
5.95 3.15	5.95 0.35
6.65 8.05	3.85 8.05
7.35 9.45	10.15 9.45
1.05 5.95	1.05 3.15
6.65 7.35	9.45 7.35
4.55 1.05	4.55 3.85
9.45 3.85	9.45 1.05
5.95 7.35	5.95 4.55
8.75 1.05	8.75 3.85
1.05 7.35	3.85 7.35
3.15 2.45	0.35 2.45
8.05 1.05	8.05 3.85
6.65 9.45	3.85 9.45
6.65 1.05	6.65 3.85
endplex
boundarywalls
endbound
