R
0.7
0.7
HV
15
15
1 1 1 1 1 1 1 1 1 1 1 1 1 1 1 
1 1 1 1 1 1 1 1 1 1 1 1 1 1 1 
1 1 1 1 1 1 1 1 1 1 1 1 1 1 1 
1 1 1 1 1 1 1 1 1 1 1 1 1 1 1 
1 1 1 1 1 1 1 1 1 1 1 1 1 1 1 
1 1 1 1 1 1 1 1 1 1 1 1 1 1 1 
1 1 1 1 1 1 1 1 1 1 1 1 1 1 1 
1 1 1 1 1 1 1 1 1 1 1 1 1 1 1 
1 1 1 1 1 1 1 1 1 1 1 1 1 1 1 
1 1 1 1 1 1 1 1 1 1 1 1 1 1 1 
1 1 1 1 1 1 1 1 1 1 1 1 1 1 1 
1 1 1 1 1 1 1 1 1 1 1 1 1 1 1 
1 1 1 1 1 1 1 1 1 1 1 1 1 1 1 
1 1 1 1 1 1 1 1 1 1 1 1 1 1 1 
1 1 1 1 1 1 1 1 1 1 1 1 1 1 1 
plexiglasswalls
4.55 5.25	3.85 5.25
9.45 7.35	8.75 7.35
1.75 7.35	2.45 7.35
8.05 8.75	7.35 8.75
1.05 5.95	1.05 6.65
5.25 1.75	5.25 2.45
5.95 3.85	5.25 3.85
4.55 1.75	3.85 1.75
7.35 7.35	6.65 7.35
3.15 1.05	3.85 1.05
4.55 6.65	3.85 6.65
8.75 6.65	8.75 5.95
6.65 9.45	7.35 9.45
5.95 8.75	5.25 8.75
5.25 6.65	5.25 7.35
endplex
boundarywalls
endbound
