R
0.7
2.0999999999999996
HV
15
15
1 1 1 1 1 1 1 1 1 1 1 1 1 1 1 
1 1 1 1 1 1 1 1 1 1 1 1 1 1 1 
1 1 1 1 1 1 1 1 1 1 1 1 1 1 1 
1 1 1 1 1 1 1 1 1 1 1 1 1 1 1 
1 1 1 1 1 1 1 1 1 1 1 1 1 1 1 
1 1 1 1 1 1 1 1 1 1 1 1 1 1 1 
1 1 1 1 1 1 1 1 1 1 1 1 1 1 1 
1 1 1 1 1 1 1 1 1 1 1 1 1 1 1 
1 1 1 1 1 1 1 1 1 1 1 1 1 1 1 
1 1 1 1 1 1 1 1 1 1 1 1 1 1 1 
1 1 1 1 1 1 1 1 1 1 1 1 1 1 1 
1 1 1 1 1 1 1 1 1 1 1 1 1 1 1 
1 1 1 1 1 1 1 1 1 1 1 1 1 1 1 
1 1 1 1 1 1 1 1 1 1 1 1 1 1 1 
1 1 1 1 1 1 1 1 1 1 1 1 1 1 1 
plexiglasswalls
2.45 4.55	0.35 4.55
5.95 5.95	5.95 3.85
5.25 7.35	3.15 7.35
7.35 6.65	5.25 6.65
5.25 9.45	3.15 9.45
3.85 5.25	3.85 7.35
5.25 1.05	5.25 3.15
1.05 8.05	1.05 5.95
1.75 3.85	3.85 3.85
5.95 8.05	5.95 10.15
2.45 2.45	4.55 2.45
8.75 4.55	6.65 4.55
6.65 3.85	6.65 5.95
4.55 3.85	4.55 5.95
8.05 3.15	10.15 3.15
endplex
boundarywalls
endbound
