R
0.7
0.7
HV
15
15
1 1 1 1 1 1 1 1 1 1 1 1 1 1 1 
1 1 1 1 1 1 1 1 1 1 1 1 1 1 1 
1 1 1 1 1 1 1 1 1 1 1 1 1 1 1 
1 1 1 1 1 1 1 1 1 1 1 1 1 1 1 
1 1 1 1 1 1 1 1 1 1 1 1 1 1 1 
1 1 1 1 1 1 1 1 1 1 1 1 1 1 1 
1 1 1 1 1 1 1 1 1 1 1 1 1 1 1 
1 1 1 1 1 1 1 1 1 1 1 1 1 1 1 
1 1 1 1 1 1 1 1 1 1 1 1 1 1 1 
1 1 1 1 1 1 1 1 1 1 1 1 1 1 1 
1 1 1 1 1 1 1 1 1 1 1 1 1 1 1 
1 1 1 1 1 1 1 1 1 1 1 1 1 1 1 
1 1 1 1 1 1 1 1 1 1 1 1 1 1 1 
1 1 1 1 1 1 1 1 1 1 1 1 1 1 1 
1 1 1 1 1 1 1 1 1 1 1 1 1 1 1 
plexiglasswalls
9.45 1.05	10.15 1.05
3.15 8.05	3.85 8.05
9.45 3.85	8.75 3.85
1.75 3.15	2.45 3.15
4.55 3.15	5.25 3.15
5.25 6.65	4.55 6.65
6.65 1.75	6.65 1.05
2.45 7.35	1.75 7.35
9.45 8.75	9.45 9.45
1.05 5.95	0.35 5.95
1.75 8.05	1.05 8.05
4.55 8.75	4.55 8.05
6.65 3.15	7.35 3.15
3.15 3.15	3.15 3.85
7.35 1.05	7.35 0.35
8.75 6.65	8.75 5.95
8.05 7.35	8.75 7.35
8.05 5.95	7.35 5.95
8.05 8.05	8.05 8.75
5.25 9.45	5.25 10.15
endplex
boundarywalls
endbound
