R
0.7
2.0999999999999996
HV
15
15
1 1 1 1 1 1 1 1 1 1 1 1 1 1 1 
1 1 1 1 1 1 1 1 1 1 1 1 1 1 1 
1 1 1 1 1 1 1 1 1 1 1 1 1 1 1 
1 1 1 1 1 1 1 1 1 1 1 1 1 1 1 
1 1 1 1 1 1 1 1 1 1 1 1 1 1 1 
1 1 1 1 1 1 1 1 1 1 1 1 1 1 1 
1 1 1 1 1 1 1 1 1 1 1 1 1 1 1 
1 1 1 1 1 1 1 1 1 1 1 1 1 1 1 
1 1 1 1 1 1 1 1 1 1 1 1 1 1 1 
1 1 1 1 1 1 1 1 1 1 1 1 1 1 1 
1 1 1 1 1 1 1 1 1 1 1 1 1 1 1 
1 1 1 1 1 1 1 1 1 1 1 1 1 1 1 
1 1 1 1 1 1 1 1 1 1 1 1 1 1 1 
1 1 1 1 1 1 1 1 1 1 1 1 1 1 1 
1 1 1 1 1 1 1 1 1 1 1 1 1 1 1 
plexiglasswalls
3.15 4.55	5.25 4.55
8.05 8.05	5.95 8.05
1.75 5.95	1.75 8.05
2.45 3.85	4.55 3.85
1.75 8.75	3.85 8.75
1.05 5.25	1.05 7.35
7.35 2.45	9.45 2.45
1.75 9.45	3.85 9.45
8.05 8.75	10.15 8.75
2.45 3.15	4.55 3.15
8.05 5.95	10.15 5.95
1.75 4.55	1.75 2.45
4.55 8.05	4.55 5.95
5.95 3.85	5.95 1.75
9.45 5.25	7.35 5.25
endplex
boundarywalls
endbound
