R
0.7
2.0999999999999996
HV
15
15
1 1 1 1 1 1 1 1 1 1 1 1 1 1 1 
1 1 1 1 1 1 1 1 1 1 1 1 1 1 1 
1 1 1 1 1 1 1 1 1 1 1 1 1 1 1 
1 1 1 1 1 1 1 1 1 1 1 1 1 1 1 
1 1 1 1 1 1 1 1 1 1 1 1 1 1 1 
1 1 1 1 1 1 1 1 1 1 1 1 1 1 1 
1 1 1 1 1 1 1 1 1 1 1 1 1 1 1 
1 1 1 1 1 1 1 1 1 1 1 1 1 1 1 
1 1 1 1 1 1 1 1 1 1 1 1 1 1 1 
1 1 1 1 1 1 1 1 1 1 1 1 1 1 1 
1 1 1 1 1 1 1 1 1 1 1 1 1 1 1 
1 1 1 1 1 1 1 1 1 1 1 1 1 1 1 
1 1 1 1 1 1 1 1 1 1 1 1 1 1 1 
1 1 1 1 1 1 1 1 1 1 1 1 1 1 1 
1 1 1 1 1 1 1 1 1 1 1 1 1 1 1 
plexiglasswalls
6.65 1.75	6.65 3.85
4.55 6.65	6.65 6.65
3.15 7.35	1.05 7.35
8.75 9.45	8.75 7.35
1.75 5.25	3.85 5.25
2.45 3.85	2.45 1.75
8.05 8.05	8.05 5.95
7.35 2.45	7.35 0.35
8.05 5.25	10.15 5.25
5.95 8.05	3.85 8.05
2.45 6.65	0.35 6.65
6.65 7.35	6.65 9.45
5.95 7.35	3.85 7.35
1.05 9.45	3.15 9.45
5.95 3.85	5.95 5.95
endplex
boundarywalls
endbound
