R
0.7
0.7
HV
15
15
1 1 1 1 1 1 1 1 1 1 1 1 1 1 1 
1 1 1 1 1 1 1 1 1 1 1 1 1 1 1 
1 1 1 1 1 1 1 1 1 1 1 1 1 1 1 
1 1 1 1 1 1 1 1 1 1 1 1 1 1 1 
1 1 1 1 1 1 1 1 1 1 1 1 1 1 1 
1 1 1 1 1 1 1 1 1 1 1 1 1 1 1 
1 1 1 1 1 1 1 1 1 1 1 1 1 1 1 
1 1 1 1 1 1 1 1 1 1 1 1 1 1 1 
1 1 1 1 1 1 1 1 1 1 1 1 1 1 1 
1 1 1 1 1 1 1 1 1 1 1 1 1 1 1 
1 1 1 1 1 1 1 1 1 1 1 1 1 1 1 
1 1 1 1 1 1 1 1 1 1 1 1 1 1 1 
1 1 1 1 1 1 1 1 1 1 1 1 1 1 1 
1 1 1 1 1 1 1 1 1 1 1 1 1 1 1 
1 1 1 1 1 1 1 1 1 1 1 1 1 1 1 
plexiglasswalls
8.75 1.75	9.45 1.75
2.45 8.05	3.15 8.05
8.05 6.65	8.05 5.95
5.95 6.65	5.25 6.65
6.65 7.35	5.95 7.35
7.35 2.45	7.35 3.15
9.45 3.15	9.45 3.85
3.85 6.65	4.55 6.65
1.75 7.35	1.75 8.05
5.25 8.05	4.55 8.05
3.85 1.75	3.85 2.45
8.75 3.85	8.75 4.55
1.75 1.75	1.75 2.45
8.05 3.85	8.05 3.15
4.55 4.55	4.55 3.85
endplex
boundarywalls
endbound
