R
0.7
2.0999999999999996
HV
15
15
1 1 1 1 1 1 1 1 1 1 1 1 1 1 1 
1 1 1 1 1 1 1 1 1 1 1 1 1 1 1 
1 1 1 1 1 1 1 1 1 1 1 1 1 1 1 
1 1 1 1 1 1 1 1 1 1 1 1 1 1 1 
1 1 1 1 1 1 1 1 1 1 1 1 1 1 1 
1 1 1 1 1 1 1 1 1 1 1 1 1 1 1 
1 1 1 1 1 1 1 1 1 1 1 1 1 1 1 
1 1 1 1 1 1 1 1 1 1 1 1 1 1 1 
1 1 1 1 1 1 1 1 1 1 1 1 1 1 1 
1 1 1 1 1 1 1 1 1 1 1 1 1 1 1 
1 1 1 1 1 1 1 1 1 1 1 1 1 1 1 
1 1 1 1 1 1 1 1 1 1 1 1 1 1 1 
1 1 1 1 1 1 1 1 1 1 1 1 1 1 1 
1 1 1 1 1 1 1 1 1 1 1 1 1 1 1 
1 1 1 1 1 1 1 1 1 1 1 1 1 1 1 
plexiglasswalls
1.75 3.15	1.75 1.05
4.55 5.95	4.55 3.85
2.45 8.05	0.35 8.05
4.55 8.05	4.55 10.15
5.25 1.75	7.35 1.75
2.45 1.05	4.55 1.05
3.15 7.35	3.15 9.45
5.95 6.65	5.95 4.55
3.85 6.65	1.75 6.65
3.15 2.45	5.25 2.45
3.15 3.85	3.15 5.95
8.05 8.75	10.15 8.75
2.45 1.75	4.55 1.75
9.45 3.15	9.45 1.05
7.35 5.25	7.35 7.35
endplex
boundarywalls
endbound
