R
0.7
0.7
HV
15
15
1 1 1 1 1 1 1 1 1 1 1 1 1 1 1 
1 1 1 1 1 1 1 1 1 1 1 1 1 1 1 
1 1 1 1 1 1 1 1 1 1 1 1 1 1 1 
1 1 1 1 1 1 1 1 1 1 1 1 1 1 1 
1 1 1 1 1 1 1 1 1 1 1 1 1 1 1 
1 1 1 1 1 1 1 1 1 1 1 1 1 1 1 
1 1 1 1 1 1 1 1 1 1 1 1 1 1 1 
1 1 1 1 1 1 1 1 1 1 1 1 1 1 1 
1 1 1 1 1 1 1 1 1 1 1 1 1 1 1 
1 1 1 1 1 1 1 1 1 1 1 1 1 1 1 
1 1 1 1 1 1 1 1 1 1 1 1 1 1 1 
1 1 1 1 1 1 1 1 1 1 1 1 1 1 1 
1 1 1 1 1 1 1 1 1 1 1 1 1 1 1 
1 1 1 1 1 1 1 1 1 1 1 1 1 1 1 
1 1 1 1 1 1 1 1 1 1 1 1 1 1 1 
plexiglasswalls
3.85 5.95	3.85 5.25
1.05 2.45	0.35 2.45
2.45 5.25	3.15 5.25
5.25 1.05	5.95 1.05
3.85 2.45	3.85 1.75
1.75 1.05	1.05 1.05
5.95 3.85	5.95 3.15
1.05 4.55	1.05 5.25
5.95 8.05	6.65 8.05
8.05 4.55	7.35 4.55
5.25 8.05	5.25 8.75
8.75 2.45	9.45 2.45
8.75 4.55	8.75 5.25
7.35 9.45	8.05 9.45
2.45 2.45	2.45 1.75
endplex
boundarywalls
endbound
