R
0.7
1.4
HV
15
15
1 1 1 1 1 1 1 1 1 1 1 1 1 1 1 
1 1 1 1 1 1 1 1 1 1 1 1 1 1 1 
1 1 1 1 1 1 1 1 1 1 1 1 1 1 1 
1 1 1 1 1 1 1 1 1 1 1 1 1 1 1 
1 1 1 1 1 1 1 1 1 1 1 1 1 1 1 
1 1 1 1 1 1 1 1 1 1 1 1 1 1 1 
1 1 1 1 1 1 1 1 1 1 1 1 1 1 1 
1 1 1 1 1 1 1 1 1 1 1 1 1 1 1 
1 1 1 1 1 1 1 1 1 1 1 1 1 1 1 
1 1 1 1 1 1 1 1 1 1 1 1 1 1 1 
1 1 1 1 1 1 1 1 1 1 1 1 1 1 1 
1 1 1 1 1 1 1 1 1 1 1 1 1 1 1 
1 1 1 1 1 1 1 1 1 1 1 1 1 1 1 
1 1 1 1 1 1 1 1 1 1 1 1 1 1 1 
1 1 1 1 1 1 1 1 1 1 1 1 1 1 1 
plexiglasswalls
2.45 1.75	2.45 3.15
4.55 8.05	4.55 9.45
5.95 3.15	5.95 1.75
8.75 7.35	7.35 7.35
9.45 9.45	8.05 9.45
1.75 8.75	1.75 10.15
6.65 7.35	6.65 5.95
3.15 8.05	3.15 9.45
8.75 8.75	10.15 8.75
2.45 7.35	2.45 8.75
4.55 5.25	5.95 5.25
8.75 1.75	8.75 0.35
3.15 1.05	1.75 1.05
1.75 5.95	1.75 7.35
3.85 3.85	3.85 2.45
endplex
boundarywalls
endbound
