R
0.7
2.0999999999999996
HV
15
15
1 1 1 1 1 1 1 1 1 1 1 1 1 1 1 
1 1 1 1 1 1 1 1 1 1 1 1 1 1 1 
1 1 1 1 1 1 1 1 1 1 1 1 1 1 1 
1 1 1 1 1 1 1 1 1 1 1 1 1 1 1 
1 1 1 1 1 1 1 1 1 1 1 1 1 1 1 
1 1 1 1 1 1 1 1 1 1 1 1 1 1 1 
1 1 1 1 1 1 1 1 1 1 1 1 1 1 1 
1 1 1 1 1 1 1 1 1 1 1 1 1 1 1 
1 1 1 1 1 1 1 1 1 1 1 1 1 1 1 
1 1 1 1 1 1 1 1 1 1 1 1 1 1 1 
1 1 1 1 1 1 1 1 1 1 1 1 1 1 1 
1 1 1 1 1 1 1 1 1 1 1 1 1 1 1 
1 1 1 1 1 1 1 1 1 1 1 1 1 1 1 
1 1 1 1 1 1 1 1 1 1 1 1 1 1 1 
1 1 1 1 1 1 1 1 1 1 1 1 1 1 1 
plexiglasswalls
1.75 8.75	3.85 8.75
5.95 3.15	8.05 3.15
3.15 7.35	3.15 5.25
4.55 7.35	4.55 5.25
1.05 2.45	1.05 0.35
3.85 8.05	3.85 5.95
8.05 6.65	5.95 6.65
7.35 4.55	9.45 4.55
1.75 5.25	1.75 7.35
2.45 3.85	0.35 3.85
4.55 1.75	2.45 1.75
1.05 4.55	3.15 4.55
5.95 1.05	8.05 1.05
9.45 1.75	9.45 3.85
6.65 9.45	8.75 9.45
9.45 5.25	7.35 5.25
5.25 3.15	5.25 5.25
2.45 7.35	2.45 5.25
6.65 2.45	4.55 2.45
6.65 8.05	8.75 8.05
endplex
boundarywalls
endbound
