R
0.7
2.8
HV
15
15
1 1 1 1 1 1 1 1 1 1 1 1 1 1 1 
1 1 1 1 1 1 1 1 1 1 1 1 1 1 1 
1 1 1 1 1 1 1 1 1 1 1 1 1 1 1 
1 1 1 1 1 1 1 1 1 1 1 1 1 1 1 
1 1 1 1 1 1 1 1 1 1 1 1 1 1 1 
1 1 1 1 1 1 1 1 1 1 1 1 1 1 1 
1 1 1 1 1 1 1 1 1 1 1 1 1 1 1 
1 1 1 1 1 1 1 1 1 1 1 1 1 1 1 
1 1 1 1 1 1 1 1 1 1 1 1 1 1 1 
1 1 1 1 1 1 1 1 1 1 1 1 1 1 1 
1 1 1 1 1 1 1 1 1 1 1 1 1 1 1 
1 1 1 1 1 1 1 1 1 1 1 1 1 1 1 
1 1 1 1 1 1 1 1 1 1 1 1 1 1 1 
1 1 1 1 1 1 1 1 1 1 1 1 1 1 1 
1 1 1 1 1 1 1 1 1 1 1 1 1 1 1 
plexiglasswalls
1.75 5.25	1.75 8.05
3.15 2.45	3.15 5.25
6.65 8.05	3.85 8.05
6.65 4.55	6.65 1.75
6.65 5.95	9.45 5.95
5.95 1.05	8.75 1.05
7.35 6.65	10.15 6.65
7.35 5.25	4.55 5.25
3.85 1.75	1.05 1.75
5.25 9.45	2.45 9.45
2.45 2.45	2.45 5.25
7.35 4.55	7.35 1.75
2.45 8.75	5.25 8.75
1.05 5.95	1.05 8.75
4.55 6.65	4.55 3.85
endplex
boundarywalls
endbound
