R
0.7
2.8
HV
15
15
1 1 1 1 1 1 1 1 1 1 1 1 1 1 1 
1 1 1 1 1 1 1 1 1 1 1 1 1 1 1 
1 1 1 1 1 1 1 1 1 1 1 1 1 1 1 
1 1 1 1 1 1 1 1 1 1 1 1 1 1 1 
1 1 1 1 1 1 1 1 1 1 1 1 1 1 1 
1 1 1 1 1 1 1 1 1 1 1 1 1 1 1 
1 1 1 1 1 1 1 1 1 1 1 1 1 1 1 
1 1 1 1 1 1 1 1 1 1 1 1 1 1 1 
1 1 1 1 1 1 1 1 1 1 1 1 1 1 1 
1 1 1 1 1 1 1 1 1 1 1 1 1 1 1 
1 1 1 1 1 1 1 1 1 1 1 1 1 1 1 
1 1 1 1 1 1 1 1 1 1 1 1 1 1 1 
1 1 1 1 1 1 1 1 1 1 1 1 1 1 1 
1 1 1 1 1 1 1 1 1 1 1 1 1 1 1 
1 1 1 1 1 1 1 1 1 1 1 1 1 1 1 
plexiglasswalls
5.25 9.45	5.25 6.65
9.45 8.75	9.45 5.95
3.15 5.25	3.15 2.45
8.75 8.75	8.75 5.95
3.15 8.75	0.35 8.75
5.95 5.95	5.95 3.15
8.05 8.05	5.25 8.05
8.05 3.15	8.05 5.95
8.75 1.05	5.95 1.05
5.25 5.95	2.45 5.95
1.75 6.65	1.75 3.85
8.05 2.45	5.25 2.45
3.85 5.25	3.85 2.45
4.55 2.45	4.55 5.25
3.85 1.75	1.05 1.75
endplex
boundarywalls
endbound
