R
0.7
2.0999999999999996
HV
15
15
1 1 1 1 1 1 1 1 1 1 1 1 1 1 1 
1 1 1 1 1 1 1 1 1 1 1 1 1 1 1 
1 1 1 1 1 1 1 1 1 1 1 1 1 1 1 
1 1 1 1 1 1 1 1 1 1 1 1 1 1 1 
1 1 1 1 1 1 1 1 1 1 1 1 1 1 1 
1 1 1 1 1 1 1 1 1 1 1 1 1 1 1 
1 1 1 1 1 1 1 1 1 1 1 1 1 1 1 
1 1 1 1 1 1 1 1 1 1 1 1 1 1 1 
1 1 1 1 1 1 1 1 1 1 1 1 1 1 1 
1 1 1 1 1 1 1 1 1 1 1 1 1 1 1 
1 1 1 1 1 1 1 1 1 1 1 1 1 1 1 
1 1 1 1 1 1 1 1 1 1 1 1 1 1 1 
1 1 1 1 1 1 1 1 1 1 1 1 1 1 1 
1 1 1 1 1 1 1 1 1 1 1 1 1 1 1 
1 1 1 1 1 1 1 1 1 1 1 1 1 1 1 
plexiglasswalls
8.75 1.75	6.65 1.75
9.45 3.15	9.45 5.25
1.05 9.45	1.05 7.35
5.25 5.95	5.25 8.05
4.55 8.05	6.65 8.05
8.05 6.65	8.05 8.75
4.55 3.15	6.65 3.15
7.35 2.45	7.35 4.55
3.85 3.15	3.85 5.25
5.95 1.75	3.85 1.75
6.65 6.65	6.65 4.55
1.75 9.45	1.75 7.35
1.75 1.75	1.75 3.85
5.95 2.45	3.85 2.45
5.25 3.85	7.35 3.85
endplex
boundarywalls
endbound
