R
0.7
2.8
HV
15
15
1 1 1 1 1 1 1 1 1 1 1 1 1 1 1 
1 1 1 1 1 1 1 1 1 1 1 1 1 1 1 
1 1 1 1 1 1 1 1 1 1 1 1 1 1 1 
1 1 1 1 1 1 1 1 1 1 1 1 1 1 1 
1 1 1 1 1 1 1 1 1 1 1 1 1 1 1 
1 1 1 1 1 1 1 1 1 1 1 1 1 1 1 
1 1 1 1 1 1 1 1 1 1 1 1 1 1 1 
1 1 1 1 1 1 1 1 1 1 1 1 1 1 1 
1 1 1 1 1 1 1 1 1 1 1 1 1 1 1 
1 1 1 1 1 1 1 1 1 1 1 1 1 1 1 
1 1 1 1 1 1 1 1 1 1 1 1 1 1 1 
1 1 1 1 1 1 1 1 1 1 1 1 1 1 1 
1 1 1 1 1 1 1 1 1 1 1 1 1 1 1 
1 1 1 1 1 1 1 1 1 1 1 1 1 1 1 
1 1 1 1 1 1 1 1 1 1 1 1 1 1 1 
plexiglasswalls
7.35 6.65	4.55 6.65
3.15 5.95	5.95 5.95
8.05 3.85	8.05 1.05
3.85 2.45	1.05 2.45
8.05 4.55	8.05 7.35
6.65 5.25	3.85 5.25
5.25 3.85	2.45 3.85
1.75 4.55	1.75 7.35
3.85 4.55	6.65 4.55
7.35 9.45	10.15 9.45
1.05 1.05	3.85 1.05
7.35 2.45	7.35 5.25
2.45 4.55	2.45 7.35
1.05 4.55	1.05 7.35
9.45 1.05	9.45 3.85
endplex
boundarywalls
endbound
