R
0.7
2.0999999999999996
HV
15
15
1 1 1 1 1 1 1 1 1 1 1 1 1 1 1 
1 1 1 1 1 1 1 1 1 1 1 1 1 1 1 
1 1 1 1 1 1 1 1 1 1 1 1 1 1 1 
1 1 1 1 1 1 1 1 1 1 1 1 1 1 1 
1 1 1 1 1 1 1 1 1 1 1 1 1 1 1 
1 1 1 1 1 1 1 1 1 1 1 1 1 1 1 
1 1 1 1 1 1 1 1 1 1 1 1 1 1 1 
1 1 1 1 1 1 1 1 1 1 1 1 1 1 1 
1 1 1 1 1 1 1 1 1 1 1 1 1 1 1 
1 1 1 1 1 1 1 1 1 1 1 1 1 1 1 
1 1 1 1 1 1 1 1 1 1 1 1 1 1 1 
1 1 1 1 1 1 1 1 1 1 1 1 1 1 1 
1 1 1 1 1 1 1 1 1 1 1 1 1 1 1 
1 1 1 1 1 1 1 1 1 1 1 1 1 1 1 
1 1 1 1 1 1 1 1 1 1 1 1 1 1 1 
plexiglasswalls
5.95 5.25	3.85 5.25
2.45 1.75	2.45 3.85
4.55 8.75	2.45 8.75
6.65 8.75	6.65 6.65
3.15 5.95	1.05 5.95
5.25 9.45	5.25 7.35
6.65 1.75	4.55 1.75
6.65 4.55	6.65 2.45
8.75 1.75	8.75 3.85
7.35 9.45	9.45 9.45
9.45 5.25	9.45 3.15
9.45 7.35	7.35 7.35
5.95 9.45	5.95 7.35
7.35 4.55	7.35 2.45
6.65 5.95	4.55 5.95
5.25 6.65	3.15 6.65
1.75 3.85	1.75 1.75
5.95 3.15	3.85 3.15
3.15 3.85	5.25 3.85
2.45 8.05	2.45 5.95
endplex
boundarywalls
endbound
