R
0.7
2.8
HV
15
15
1 1 1 1 1 1 1 1 1 1 1 1 1 1 1 
1 1 1 1 1 1 1 1 1 1 1 1 1 1 1 
1 1 1 1 1 1 1 1 1 1 1 1 1 1 1 
1 1 1 1 1 1 1 1 1 1 1 1 1 1 1 
1 1 1 1 1 1 1 1 1 1 1 1 1 1 1 
1 1 1 1 1 1 1 1 1 1 1 1 1 1 1 
1 1 1 1 1 1 1 1 1 1 1 1 1 1 1 
1 1 1 1 1 1 1 1 1 1 1 1 1 1 1 
1 1 1 1 1 1 1 1 1 1 1 1 1 1 1 
1 1 1 1 1 1 1 1 1 1 1 1 1 1 1 
1 1 1 1 1 1 1 1 1 1 1 1 1 1 1 
1 1 1 1 1 1 1 1 1 1 1 1 1 1 1 
1 1 1 1 1 1 1 1 1 1 1 1 1 1 1 
1 1 1 1 1 1 1 1 1 1 1 1 1 1 1 
1 1 1 1 1 1 1 1 1 1 1 1 1 1 1 
plexiglasswalls
7.35 5.25	7.35 8.05
2.45 7.35	2.45 10.15
5.95 1.75	8.75 1.75
8.75 4.55	8.75 7.35
5.95 5.95	5.95 8.75
5.25 6.65	2.45 6.65
4.55 1.05	4.55 3.85
6.65 5.25	3.85 5.25
6.65 6.65	6.65 9.45
8.05 4.55	5.25 4.55
1.05 1.75	1.05 4.55
8.05 6.65	8.05 9.45
3.15 3.15	3.15 0.35
1.05 9.45	1.05 6.65
6.65 3.85	3.85 3.85
endplex
boundarywalls
endbound
