R
0.7
2.8
HV
15
15
1 1 1 1 1 1 1 1 1 1 1 1 1 1 1 
1 1 1 1 1 1 1 1 1 1 1 1 1 1 1 
1 1 1 1 1 1 1 1 1 1 1 1 1 1 1 
1 1 1 1 1 1 1 1 1 1 1 1 1 1 1 
1 1 1 1 1 1 1 1 1 1 1 1 1 1 1 
1 1 1 1 1 1 1 1 1 1 1 1 1 1 1 
1 1 1 1 1 1 1 1 1 1 1 1 1 1 1 
1 1 1 1 1 1 1 1 1 1 1 1 1 1 1 
1 1 1 1 1 1 1 1 1 1 1 1 1 1 1 
1 1 1 1 1 1 1 1 1 1 1 1 1 1 1 
1 1 1 1 1 1 1 1 1 1 1 1 1 1 1 
1 1 1 1 1 1 1 1 1 1 1 1 1 1 1 
1 1 1 1 1 1 1 1 1 1 1 1 1 1 1 
1 1 1 1 1 1 1 1 1 1 1 1 1 1 1 
1 1 1 1 1 1 1 1 1 1 1 1 1 1 1 
plexiglasswalls
4.55 3.15	1.75 3.15
1.75 1.75	4.55 1.75
5.95 9.45	8.75 9.45
7.35 6.65	7.35 3.85
3.85 2.45	6.65 2.45
9.45 5.95	9.45 3.15
1.05 5.25	1.05 8.05
8.05 1.75	8.05 4.55
2.45 8.05	2.45 5.25
5.25 1.05	8.05 1.05
8.75 8.75	8.75 5.95
6.65 5.95	6.65 3.15
9.45 7.35	9.45 10.15
3.15 4.55	3.15 7.35
6.65 8.05	3.85 8.05
endplex
boundarywalls
endbound
