R
0.7
2.8
HV
15
15
1 1 1 1 1 1 1 1 1 1 1 1 1 1 1 
1 1 1 1 1 1 1 1 1 1 1 1 1 1 1 
1 1 1 1 1 1 1 1 1 1 1 1 1 1 1 
1 1 1 1 1 1 1 1 1 1 1 1 1 1 1 
1 1 1 1 1 1 1 1 1 1 1 1 1 1 1 
1 1 1 1 1 1 1 1 1 1 1 1 1 1 1 
1 1 1 1 1 1 1 1 1 1 1 1 1 1 1 
1 1 1 1 1 1 1 1 1 1 1 1 1 1 1 
1 1 1 1 1 1 1 1 1 1 1 1 1 1 1 
1 1 1 1 1 1 1 1 1 1 1 1 1 1 1 
1 1 1 1 1 1 1 1 1 1 1 1 1 1 1 
1 1 1 1 1 1 1 1 1 1 1 1 1 1 1 
1 1 1 1 1 1 1 1 1 1 1 1 1 1 1 
1 1 1 1 1 1 1 1 1 1 1 1 1 1 1 
1 1 1 1 1 1 1 1 1 1 1 1 1 1 1 
plexiglasswalls
3.85 4.55	3.85 1.75
6.65 5.25	6.65 8.05
3.85 7.35	3.85 10.15
6.65 1.05	3.85 1.05
4.55 5.95	1.75 5.95
1.75 8.05	1.75 5.25
1.75 3.85	1.75 1.05
7.35 5.25	10.15 5.25
6.65 1.75	6.65 4.55
8.75 8.05	8.75 5.25
5.25 5.25	5.25 8.05
3.15 1.05	3.15 3.85
8.05 8.05	8.05 5.25
3.15 5.25	0.35 5.25
5.95 1.75	5.95 4.55
endplex
boundarywalls
endbound
