R
0.7
2.8
HV
15
15
1 1 1 1 1 1 1 1 1 1 1 1 1 1 1 
1 1 1 1 1 1 1 1 1 1 1 1 1 1 1 
1 1 1 1 1 1 1 1 1 1 1 1 1 1 1 
1 1 1 1 1 1 1 1 1 1 1 1 1 1 1 
1 1 1 1 1 1 1 1 1 1 1 1 1 1 1 
1 1 1 1 1 1 1 1 1 1 1 1 1 1 1 
1 1 1 1 1 1 1 1 1 1 1 1 1 1 1 
1 1 1 1 1 1 1 1 1 1 1 1 1 1 1 
1 1 1 1 1 1 1 1 1 1 1 1 1 1 1 
1 1 1 1 1 1 1 1 1 1 1 1 1 1 1 
1 1 1 1 1 1 1 1 1 1 1 1 1 1 1 
1 1 1 1 1 1 1 1 1 1 1 1 1 1 1 
1 1 1 1 1 1 1 1 1 1 1 1 1 1 1 
1 1 1 1 1 1 1 1 1 1 1 1 1 1 1 
1 1 1 1 1 1 1 1 1 1 1 1 1 1 1 
plexiglasswalls
1.05 5.95	1.05 8.75
8.05 8.75	5.25 8.75
4.55 1.05	7.35 1.05
1.75 4.55	4.55 4.55
8.05 1.75	8.05 4.55
4.55 3.15	4.55 0.35
9.45 9.45	9.45 6.65
5.25 7.35	5.25 4.55
1.75 7.35	4.55 7.35
1.75 8.75	4.55 8.75
7.35 1.75	7.35 4.55
8.75 6.65	5.95 6.65
1.05 3.15	3.85 3.15
5.95 4.55	5.95 7.35
4.55 6.65	1.75 6.65
endplex
boundarywalls
endbound
