R
0.7
1.4
HV
15
15
1 1 1 1 1 1 1 1 1 1 1 1 1 1 1 
1 1 1 1 1 1 1 1 1 1 1 1 1 1 1 
1 1 1 1 1 1 1 1 1 1 1 1 1 1 1 
1 1 1 1 1 1 1 1 1 1 1 1 1 1 1 
1 1 1 1 1 1 1 1 1 1 1 1 1 1 1 
1 1 1 1 1 1 1 1 1 1 1 1 1 1 1 
1 1 1 1 1 1 1 1 1 1 1 1 1 1 1 
1 1 1 1 1 1 1 1 1 1 1 1 1 1 1 
1 1 1 1 1 1 1 1 1 1 1 1 1 1 1 
1 1 1 1 1 1 1 1 1 1 1 1 1 1 1 
1 1 1 1 1 1 1 1 1 1 1 1 1 1 1 
1 1 1 1 1 1 1 1 1 1 1 1 1 1 1 
1 1 1 1 1 1 1 1 1 1 1 1 1 1 1 
1 1 1 1 1 1 1 1 1 1 1 1 1 1 1 
1 1 1 1 1 1 1 1 1 1 1 1 1 1 1 
plexiglasswalls
6.65 3.85	6.65 2.45
5.25 3.85	5.25 2.45
5.25 5.95	5.25 7.35
3.15 3.85	3.15 5.25
1.05 6.65	1.05 5.25
1.75 5.95	1.75 4.55
3.85 8.75	3.85 10.15
5.25 8.75	5.25 10.15
6.65 7.35	6.65 8.75
3.85 3.15	2.45 3.15
1.75 3.85	0.35 3.85
6.65 5.95	6.65 4.55
7.35 5.25	7.35 6.65
3.15 1.05	4.55 1.05
8.75 8.75	7.35 8.75
endplex
boundarywalls
endbound
