R
0.7
2.0999999999999996
HV
15
15
1 1 1 1 1 1 1 1 1 1 1 1 1 1 1 
1 1 1 1 1 1 1 1 1 1 1 1 1 1 1 
1 1 1 1 1 1 1 1 1 1 1 1 1 1 1 
1 1 1 1 1 1 1 1 1 1 1 1 1 1 1 
1 1 1 1 1 1 1 1 1 1 1 1 1 1 1 
1 1 1 1 1 1 1 1 1 1 1 1 1 1 1 
1 1 1 1 1 1 1 1 1 1 1 1 1 1 1 
1 1 1 1 1 1 1 1 1 1 1 1 1 1 1 
1 1 1 1 1 1 1 1 1 1 1 1 1 1 1 
1 1 1 1 1 1 1 1 1 1 1 1 1 1 1 
1 1 1 1 1 1 1 1 1 1 1 1 1 1 1 
1 1 1 1 1 1 1 1 1 1 1 1 1 1 1 
1 1 1 1 1 1 1 1 1 1 1 1 1 1 1 
1 1 1 1 1 1 1 1 1 1 1 1 1 1 1 
1 1 1 1 1 1 1 1 1 1 1 1 1 1 1 
plexiglasswalls
4.55 9.45	2.45 9.45
9.45 5.95	9.45 8.05
6.65 8.05	6.65 10.15
1.75 8.05	3.85 8.05
5.95 5.25	8.05 5.25
3.85 5.95	1.75 5.95
1.75 1.75	1.75 3.85
7.35 6.65	7.35 8.75
9.45 3.85	9.45 1.75
3.15 4.55	5.25 4.55
5.95 6.65	5.95 8.75
4.55 2.45	4.55 0.35
8.75 5.95	6.65 5.95
1.75 7.35	1.75 5.25
1.05 6.65	1.05 4.55
7.35 4.55	9.45 4.55
5.95 3.85	5.95 1.75
8.05 2.45	8.05 0.35
1.05 5.25	3.15 5.25
6.65 3.85	6.65 1.75
endplex
boundarywalls
endbound
