R
0.7
2.8
HV
15
15
1 1 1 1 1 1 1 1 1 1 1 1 1 1 1 
1 1 1 1 1 1 1 1 1 1 1 1 1 1 1 
1 1 1 1 1 1 1 1 1 1 1 1 1 1 1 
1 1 1 1 1 1 1 1 1 1 1 1 1 1 1 
1 1 1 1 1 1 1 1 1 1 1 1 1 1 1 
1 1 1 1 1 1 1 1 1 1 1 1 1 1 1 
1 1 1 1 1 1 1 1 1 1 1 1 1 1 1 
1 1 1 1 1 1 1 1 1 1 1 1 1 1 1 
1 1 1 1 1 1 1 1 1 1 1 1 1 1 1 
1 1 1 1 1 1 1 1 1 1 1 1 1 1 1 
1 1 1 1 1 1 1 1 1 1 1 1 1 1 1 
1 1 1 1 1 1 1 1 1 1 1 1 1 1 1 
1 1 1 1 1 1 1 1 1 1 1 1 1 1 1 
1 1 1 1 1 1 1 1 1 1 1 1 1 1 1 
1 1 1 1 1 1 1 1 1 1 1 1 1 1 1 
plexiglasswalls
3.85 3.15	3.85 0.35
5.95 3.85	5.95 6.65
9.45 5.25	6.65 5.25
3.85 3.85	3.85 6.65
1.75 5.25	1.75 2.45
3.85 8.05	1.05 8.05
6.65 4.55	6.65 1.75
9.45 3.85	6.65 3.85
3.15 5.25	3.15 2.45
5.25 8.75	5.25 5.95
9.45 9.45	6.65 9.45
1.75 7.35	4.55 7.35
2.45 3.85	2.45 6.65
8.75 5.95	8.75 8.75
7.35 8.05	7.35 5.25
endplex
boundarywalls
endbound
