R
0.7
2.0999999999999996
HV
15
15
1 1 1 1 1 1 1 1 1 1 1 1 1 1 1 
1 1 1 1 1 1 1 1 1 1 1 1 1 1 1 
1 1 1 1 1 1 1 1 1 1 1 1 1 1 1 
1 1 1 1 1 1 1 1 1 1 1 1 1 1 1 
1 1 1 1 1 1 1 1 1 1 1 1 1 1 1 
1 1 1 1 1 1 1 1 1 1 1 1 1 1 1 
1 1 1 1 1 1 1 1 1 1 1 1 1 1 1 
1 1 1 1 1 1 1 1 1 1 1 1 1 1 1 
1 1 1 1 1 1 1 1 1 1 1 1 1 1 1 
1 1 1 1 1 1 1 1 1 1 1 1 1 1 1 
1 1 1 1 1 1 1 1 1 1 1 1 1 1 1 
1 1 1 1 1 1 1 1 1 1 1 1 1 1 1 
1 1 1 1 1 1 1 1 1 1 1 1 1 1 1 
1 1 1 1 1 1 1 1 1 1 1 1 1 1 1 
1 1 1 1 1 1 1 1 1 1 1 1 1 1 1 
plexiglasswalls
9.45 1.75	9.45 3.85
7.35 7.35	5.25 7.35
3.15 2.45	5.25 2.45
5.95 4.55	5.95 6.65
5.95 3.85	3.85 3.85
1.05 9.45	1.05 7.35
3.15 4.55	1.05 4.55
6.65 3.15	6.65 5.25
2.45 6.65	0.35 6.65
2.45 5.25	0.35 5.25
1.05 1.05	1.05 3.15
3.15 8.05	5.25 8.05
2.45 3.85	0.35 3.85
5.25 9.45	7.35 9.45
5.95 1.05	8.05 1.05
1.75 8.75	3.85 8.75
6.65 5.95	8.75 5.95
2.45 3.15	4.55 3.15
5.25 5.95	3.15 5.95
1.75 7.35	3.85 7.35
endplex
boundarywalls
endbound
