R
0.7
2.0999999999999996
HV
15
15
1 1 1 1 1 1 1 1 1 1 1 1 1 1 1 
1 1 1 1 1 1 1 1 1 1 1 1 1 1 1 
1 1 1 1 1 1 1 1 1 1 1 1 1 1 1 
1 1 1 1 1 1 1 1 1 1 1 1 1 1 1 
1 1 1 1 1 1 1 1 1 1 1 1 1 1 1 
1 1 1 1 1 1 1 1 1 1 1 1 1 1 1 
1 1 1 1 1 1 1 1 1 1 1 1 1 1 1 
1 1 1 1 1 1 1 1 1 1 1 1 1 1 1 
1 1 1 1 1 1 1 1 1 1 1 1 1 1 1 
1 1 1 1 1 1 1 1 1 1 1 1 1 1 1 
1 1 1 1 1 1 1 1 1 1 1 1 1 1 1 
1 1 1 1 1 1 1 1 1 1 1 1 1 1 1 
1 1 1 1 1 1 1 1 1 1 1 1 1 1 1 
1 1 1 1 1 1 1 1 1 1 1 1 1 1 1 
1 1 1 1 1 1 1 1 1 1 1 1 1 1 1 
plexiglasswalls
4.55 3.15	2.45 3.15
1.05 2.45	1.05 0.35
3.85 3.15	3.85 1.05
5.95 7.35	3.85 7.35
8.75 3.85	6.65 3.85
5.95 8.05	8.05 8.05
8.05 2.45	8.05 0.35
2.45 8.05	0.35 8.05
9.45 6.65	9.45 8.75
7.35 3.15	7.35 1.05
3.15 6.65	1.05 6.65
8.05 7.35	8.05 5.25
8.05 4.55	5.95 4.55
3.15 8.75	5.25 8.75
3.85 3.85	1.75 3.85
5.25 2.45	5.25 4.55
9.45 9.45	7.35 9.45
1.05 9.45	3.15 9.45
4.55 6.65	6.65 6.65
2.45 3.85	2.45 1.75
endplex
boundarywalls
endbound
