R
0.7
2.0999999999999996
HV
15
15
1 1 1 1 1 1 1 1 1 1 1 1 1 1 1 
1 1 1 1 1 1 1 1 1 1 1 1 1 1 1 
1 1 1 1 1 1 1 1 1 1 1 1 1 1 1 
1 1 1 1 1 1 1 1 1 1 1 1 1 1 1 
1 1 1 1 1 1 1 1 1 1 1 1 1 1 1 
1 1 1 1 1 1 1 1 1 1 1 1 1 1 1 
1 1 1 1 1 1 1 1 1 1 1 1 1 1 1 
1 1 1 1 1 1 1 1 1 1 1 1 1 1 1 
1 1 1 1 1 1 1 1 1 1 1 1 1 1 1 
1 1 1 1 1 1 1 1 1 1 1 1 1 1 1 
1 1 1 1 1 1 1 1 1 1 1 1 1 1 1 
1 1 1 1 1 1 1 1 1 1 1 1 1 1 1 
1 1 1 1 1 1 1 1 1 1 1 1 1 1 1 
1 1 1 1 1 1 1 1 1 1 1 1 1 1 1 
1 1 1 1 1 1 1 1 1 1 1 1 1 1 1 
plexiglasswalls
6.65 3.85	4.55 3.85
5.95 3.15	5.95 1.05
4.55 9.45	2.45 9.45
3.15 7.35	3.15 5.25
1.75 2.45	3.85 2.45
7.35 9.45	7.35 7.35
5.25 2.45	5.25 0.35
8.05 5.25	5.95 5.25
1.05 4.55	1.05 6.65
1.75 5.95	1.75 3.85
7.35 1.75	9.45 1.75
3.85 6.65	3.85 4.55
8.75 1.05	6.65 1.05
8.75 5.25	8.75 7.35
3.85 7.35	5.95 7.35
9.45 4.55	9.45 2.45
3.85 8.75	1.75 8.75
5.25 6.65	5.25 4.55
3.85 8.05	5.95 8.05
5.25 3.15	3.15 3.15
endplex
boundarywalls
endbound
