R
0.7
2.0999999999999996
HV
15
15
1 1 1 1 1 1 1 1 1 1 1 1 1 1 1 
1 1 1 1 1 1 1 1 1 1 1 1 1 1 1 
1 1 1 1 1 1 1 1 1 1 1 1 1 1 1 
1 1 1 1 1 1 1 1 1 1 1 1 1 1 1 
1 1 1 1 1 1 1 1 1 1 1 1 1 1 1 
1 1 1 1 1 1 1 1 1 1 1 1 1 1 1 
1 1 1 1 1 1 1 1 1 1 1 1 1 1 1 
1 1 1 1 1 1 1 1 1 1 1 1 1 1 1 
1 1 1 1 1 1 1 1 1 1 1 1 1 1 1 
1 1 1 1 1 1 1 1 1 1 1 1 1 1 1 
1 1 1 1 1 1 1 1 1 1 1 1 1 1 1 
1 1 1 1 1 1 1 1 1 1 1 1 1 1 1 
1 1 1 1 1 1 1 1 1 1 1 1 1 1 1 
1 1 1 1 1 1 1 1 1 1 1 1 1 1 1 
1 1 1 1 1 1 1 1 1 1 1 1 1 1 1 
plexiglasswalls
3.85 1.05	1.75 1.05
6.65 3.15	4.55 3.15
8.75 5.95	8.75 3.85
1.05 8.05	1.05 10.15
5.25 5.95	5.25 8.05
2.45 4.55	4.55 4.55
1.75 9.45	3.85 9.45
5.95 8.05	5.95 5.95
2.45 5.25	2.45 3.15
8.05 3.15	8.05 1.05
6.65 1.75	4.55 1.75
4.55 5.95	4.55 3.85
5.95 9.45	8.05 9.45
5.25 2.45	3.15 2.45
5.95 4.55	8.05 4.55
endplex
boundarywalls
endbound
