R
0.7
2.8
HV
15
15
1 1 1 1 1 1 1 1 1 1 1 1 1 1 1 
1 1 1 1 1 1 1 1 1 1 1 1 1 1 1 
1 1 1 1 1 1 1 1 1 1 1 1 1 1 1 
1 1 1 1 1 1 1 1 1 1 1 1 1 1 1 
1 1 1 1 1 1 1 1 1 1 1 1 1 1 1 
1 1 1 1 1 1 1 1 1 1 1 1 1 1 1 
1 1 1 1 1 1 1 1 1 1 1 1 1 1 1 
1 1 1 1 1 1 1 1 1 1 1 1 1 1 1 
1 1 1 1 1 1 1 1 1 1 1 1 1 1 1 
1 1 1 1 1 1 1 1 1 1 1 1 1 1 1 
1 1 1 1 1 1 1 1 1 1 1 1 1 1 1 
1 1 1 1 1 1 1 1 1 1 1 1 1 1 1 
1 1 1 1 1 1 1 1 1 1 1 1 1 1 1 
1 1 1 1 1 1 1 1 1 1 1 1 1 1 1 
1 1 1 1 1 1 1 1 1 1 1 1 1 1 1 
plexiglasswalls
1.75 1.05	4.55 1.05
5.25 3.15	8.05 3.15
8.75 1.05	5.95 1.05
6.65 1.75	9.45 1.75
3.15 7.35	0.35 7.35
3.85 5.25	6.65 5.25
5.95 2.45	8.75 2.45
3.15 5.25	0.35 5.25
9.45 9.45	9.45 6.65
5.95 8.05	5.95 5.25
2.45 3.85	5.25 3.85
5.25 6.65	5.25 9.45
8.75 7.35	8.75 4.55
1.75 5.95	4.55 5.95
7.35 5.95	7.35 8.75
8.05 8.75	8.05 5.95
6.65 7.35	6.65 10.15
4.55 2.45	1.75 2.45
3.15 8.75	0.35 8.75
1.05 1.75	3.85 1.75
endplex
boundarywalls
endbound
