R
0.7
1.4
HV
15
15
1 1 1 1 1 1 1 1 1 1 1 1 1 1 1 
1 1 1 1 1 1 1 1 1 1 1 1 1 1 1 
1 1 1 1 1 1 1 1 1 1 1 1 1 1 1 
1 1 1 1 1 1 1 1 1 1 1 1 1 1 1 
1 1 1 1 1 1 1 1 1 1 1 1 1 1 1 
1 1 1 1 1 1 1 1 1 1 1 1 1 1 1 
1 1 1 1 1 1 1 1 1 1 1 1 1 1 1 
1 1 1 1 1 1 1 1 1 1 1 1 1 1 1 
1 1 1 1 1 1 1 1 1 1 1 1 1 1 1 
1 1 1 1 1 1 1 1 1 1 1 1 1 1 1 
1 1 1 1 1 1 1 1 1 1 1 1 1 1 1 
1 1 1 1 1 1 1 1 1 1 1 1 1 1 1 
1 1 1 1 1 1 1 1 1 1 1 1 1 1 1 
1 1 1 1 1 1 1 1 1 1 1 1 1 1 1 
1 1 1 1 1 1 1 1 1 1 1 1 1 1 1 
plexiglasswalls
6.65 3.85	5.25 3.85
7.35 1.75	7.35 0.35
4.55 3.85	4.55 5.25
5.95 7.35	7.35 7.35
9.45 7.35	8.05 7.35
5.25 1.05	5.25 2.45
2.45 8.75	3.85 8.75
1.05 8.05	1.05 9.45
5.95 2.45	5.95 1.05
4.55 8.75	4.55 7.35
5.25 3.15	5.25 4.55
8.05 1.05	8.05 2.45
4.55 9.45	5.95 9.45
8.05 4.55	6.65 4.55
1.75 3.85	1.75 5.25
endplex
boundarywalls
endbound
