R
0.7
2.8
HV
15
15
1 1 1 1 1 1 1 1 1 1 1 1 1 1 1 
1 1 1 1 1 1 1 1 1 1 1 1 1 1 1 
1 1 1 1 1 1 1 1 1 1 1 1 1 1 1 
1 1 1 1 1 1 1 1 1 1 1 1 1 1 1 
1 1 1 1 1 1 1 1 1 1 1 1 1 1 1 
1 1 1 1 1 1 1 1 1 1 1 1 1 1 1 
1 1 1 1 1 1 1 1 1 1 1 1 1 1 1 
1 1 1 1 1 1 1 1 1 1 1 1 1 1 1 
1 1 1 1 1 1 1 1 1 1 1 1 1 1 1 
1 1 1 1 1 1 1 1 1 1 1 1 1 1 1 
1 1 1 1 1 1 1 1 1 1 1 1 1 1 1 
1 1 1 1 1 1 1 1 1 1 1 1 1 1 1 
1 1 1 1 1 1 1 1 1 1 1 1 1 1 1 
1 1 1 1 1 1 1 1 1 1 1 1 1 1 1 
1 1 1 1 1 1 1 1 1 1 1 1 1 1 1 
plexiglasswalls
3.85 4.55	6.65 4.55
3.15 2.45	3.15 5.25
9.45 7.35	6.65 7.35
8.75 6.65	8.75 3.85
5.25 1.05	5.25 3.85
1.75 2.45	1.75 5.25
9.45 8.75	6.65 8.75
2.45 6.65	2.45 3.85
6.65 1.05	6.65 3.85
5.25 8.75	5.25 5.95
5.95 5.95	3.15 5.95
4.55 9.45	1.75 9.45
7.35 5.25	7.35 2.45
3.85 8.05	1.05 8.05
1.05 1.75	1.05 4.55
endplex
boundarywalls
endbound
