R
0.7
2.8
HV
15
15
1 1 1 1 1 1 1 1 1 1 1 1 1 1 1 
1 1 1 1 1 1 1 1 1 1 1 1 1 1 1 
1 1 1 1 1 1 1 1 1 1 1 1 1 1 1 
1 1 1 1 1 1 1 1 1 1 1 1 1 1 1 
1 1 1 1 1 1 1 1 1 1 1 1 1 1 1 
1 1 1 1 1 1 1 1 1 1 1 1 1 1 1 
1 1 1 1 1 1 1 1 1 1 1 1 1 1 1 
1 1 1 1 1 1 1 1 1 1 1 1 1 1 1 
1 1 1 1 1 1 1 1 1 1 1 1 1 1 1 
1 1 1 1 1 1 1 1 1 1 1 1 1 1 1 
1 1 1 1 1 1 1 1 1 1 1 1 1 1 1 
1 1 1 1 1 1 1 1 1 1 1 1 1 1 1 
1 1 1 1 1 1 1 1 1 1 1 1 1 1 1 
1 1 1 1 1 1 1 1 1 1 1 1 1 1 1 
1 1 1 1 1 1 1 1 1 1 1 1 1 1 1 
plexiglasswalls
9.45 6.65	9.45 9.45
6.65 1.75	6.65 4.55
8.05 1.05	5.25 1.05
4.55 5.95	4.55 3.15
5.95 5.95	8.75 5.95
5.95 6.65	3.15 6.65
3.15 4.55	3.15 1.75
1.05 3.85	1.05 6.65
4.55 8.05	7.35 8.05
9.45 3.15	9.45 5.95
1.75 5.95	1.75 3.15
8.05 9.45	8.05 6.65
5.95 1.75	5.95 4.55
5.25 7.35	2.45 7.35
2.45 2.45	2.45 5.25
endplex
boundarywalls
endbound
