R
0.7
2.8
HV
15
15
1 1 1 1 1 1 1 1 1 1 1 1 1 1 1 
1 1 1 1 1 1 1 1 1 1 1 1 1 1 1 
1 1 1 1 1 1 1 1 1 1 1 1 1 1 1 
1 1 1 1 1 1 1 1 1 1 1 1 1 1 1 
1 1 1 1 1 1 1 1 1 1 1 1 1 1 1 
1 1 1 1 1 1 1 1 1 1 1 1 1 1 1 
1 1 1 1 1 1 1 1 1 1 1 1 1 1 1 
1 1 1 1 1 1 1 1 1 1 1 1 1 1 1 
1 1 1 1 1 1 1 1 1 1 1 1 1 1 1 
1 1 1 1 1 1 1 1 1 1 1 1 1 1 1 
1 1 1 1 1 1 1 1 1 1 1 1 1 1 1 
1 1 1 1 1 1 1 1 1 1 1 1 1 1 1 
1 1 1 1 1 1 1 1 1 1 1 1 1 1 1 
1 1 1 1 1 1 1 1 1 1 1 1 1 1 1 
1 1 1 1 1 1 1 1 1 1 1 1 1 1 1 
plexiglasswalls
8.05 3.15	5.25 3.15
1.75 6.65	1.75 9.45
2.45 2.45	2.45 5.25
9.45 8.75	6.65 8.75
5.95 1.75	8.75 1.75
1.75 5.25	1.75 2.45
8.75 3.15	8.75 5.95
3.85 8.05	6.65 8.05
1.05 5.25	1.05 8.05
7.35 7.35	10.15 7.35
3.15 3.85	3.15 1.05
4.55 4.55	4.55 1.75
8.75 9.45	5.95 9.45
2.45 9.45	2.45 6.65
6.65 6.65	6.65 3.85
5.25 5.95	2.45 5.95
9.45 5.25	9.45 2.45
1.05 4.55	1.05 1.75
5.95 2.45	8.75 2.45
5.95 3.85	5.95 6.65
endplex
boundarywalls
endbound
