R
0.7
2.8
HV
15
15
1 1 1 1 1 1 1 1 1 1 1 1 1 1 1 
1 1 1 1 1 1 1 1 1 1 1 1 1 1 1 
1 1 1 1 1 1 1 1 1 1 1 1 1 1 1 
1 1 1 1 1 1 1 1 1 1 1 1 1 1 1 
1 1 1 1 1 1 1 1 1 1 1 1 1 1 1 
1 1 1 1 1 1 1 1 1 1 1 1 1 1 1 
1 1 1 1 1 1 1 1 1 1 1 1 1 1 1 
1 1 1 1 1 1 1 1 1 1 1 1 1 1 1 
1 1 1 1 1 1 1 1 1 1 1 1 1 1 1 
1 1 1 1 1 1 1 1 1 1 1 1 1 1 1 
1 1 1 1 1 1 1 1 1 1 1 1 1 1 1 
1 1 1 1 1 1 1 1 1 1 1 1 1 1 1 
1 1 1 1 1 1 1 1 1 1 1 1 1 1 1 
1 1 1 1 1 1 1 1 1 1 1 1 1 1 1 
1 1 1 1 1 1 1 1 1 1 1 1 1 1 1 
plexiglasswalls
9.45 3.85	6.65 3.85
2.45 8.75	5.25 8.75
5.95 2.45	5.95 5.25
4.55 6.65	7.35 6.65
5.25 5.25	2.45 5.25
7.35 1.05	4.55 1.05
2.45 3.15	5.25 3.15
1.05 9.45	1.05 6.65
5.25 7.35	2.45 7.35
9.45 7.35	9.45 10.15
1.75 6.65	1.75 3.85
9.45 4.55	6.65 4.55
1.05 1.75	1.05 4.55
7.35 8.05	4.55 8.05
8.75 8.75	8.75 5.95
8.05 9.45	8.05 6.65
4.55 5.95	7.35 5.95
2.45 9.45	5.25 9.45
9.45 3.15	6.65 3.15
7.35 1.75	4.55 1.75
endplex
boundarywalls
endbound
