R
0.7
0.7
HV
15
15
1 1 1 1 1 1 1 1 1 1 1 1 1 1 1 
1 1 1 1 1 1 1 1 1 1 1 1 1 1 1 
1 1 1 1 1 1 1 1 1 1 1 1 1 1 1 
1 1 1 1 1 1 1 1 1 1 1 1 1 1 1 
1 1 1 1 1 1 1 1 1 1 1 1 1 1 1 
1 1 1 1 1 1 1 1 1 1 1 1 1 1 1 
1 1 1 1 1 1 1 1 1 1 1 1 1 1 1 
1 1 1 1 1 1 1 1 1 1 1 1 1 1 1 
1 1 1 1 1 1 1 1 1 1 1 1 1 1 1 
1 1 1 1 1 1 1 1 1 1 1 1 1 1 1 
1 1 1 1 1 1 1 1 1 1 1 1 1 1 1 
1 1 1 1 1 1 1 1 1 1 1 1 1 1 1 
1 1 1 1 1 1 1 1 1 1 1 1 1 1 1 
1 1 1 1 1 1 1 1 1 1 1 1 1 1 1 
1 1 1 1 1 1 1 1 1 1 1 1 1 1 1 
plexiglasswalls
7.35 8.75	7.35 9.45
6.65 5.25	6.65 5.95
5.95 8.75	5.95 9.45
8.75 1.05	8.75 0.35
3.15 1.75	3.85 1.75
8.05 1.75	8.05 1.05
5.25 4.55	5.25 5.25
3.85 5.25	4.55 5.25
7.35 4.55	7.35 3.85
1.75 8.75	1.75 8.05
3.15 4.55	2.45 4.55
7.35 3.15	8.05 3.15
2.45 7.35	1.75 7.35
4.55 4.55	3.85 4.55
1.75 6.65	2.45 6.65
endplex
boundarywalls
endbound
