R
0.7
0.7
HV
15
15
1 1 1 1 1 1 1 1 1 1 1 1 1 1 1 
1 1 1 1 1 1 1 1 1 1 1 1 1 1 1 
1 1 1 1 1 1 1 1 1 1 1 1 1 1 1 
1 1 1 1 1 1 1 1 1 1 1 1 1 1 1 
1 1 1 1 1 1 1 1 1 1 1 1 1 1 1 
1 1 1 1 1 1 1 1 1 1 1 1 1 1 1 
1 1 1 1 1 1 1 1 1 1 1 1 1 1 1 
1 1 1 1 1 1 1 1 1 1 1 1 1 1 1 
1 1 1 1 1 1 1 1 1 1 1 1 1 1 1 
1 1 1 1 1 1 1 1 1 1 1 1 1 1 1 
1 1 1 1 1 1 1 1 1 1 1 1 1 1 1 
1 1 1 1 1 1 1 1 1 1 1 1 1 1 1 
1 1 1 1 1 1 1 1 1 1 1 1 1 1 1 
1 1 1 1 1 1 1 1 1 1 1 1 1 1 1 
1 1 1 1 1 1 1 1 1 1 1 1 1 1 1 
plexiglasswalls
6.65 5.95	5.95 5.95
5.25 5.95	5.25 5.25
3.85 1.75	3.85 2.45
6.65 8.75	6.65 9.45
5.25 6.65	5.25 7.35
1.75 3.85	1.75 3.15
5.25 1.75	5.95 1.75
4.55 6.65	3.85 6.65
2.45 6.65	2.45 7.35
7.35 8.75	7.35 9.45
5.95 5.25	5.95 4.55
8.75 6.65	9.45 6.65
8.05 4.55	8.05 5.25
3.85 1.05	4.55 1.05
3.15 4.55	3.85 4.55
endplex
boundarywalls
endbound
