R
0.7
2.0999999999999996
HV
15
15
1 1 1 1 1 1 1 1 1 1 1 1 1 1 1 
1 1 1 1 1 1 1 1 1 1 1 1 1 1 1 
1 1 1 1 1 1 1 1 1 1 1 1 1 1 1 
1 1 1 1 1 1 1 1 1 1 1 1 1 1 1 
1 1 1 1 1 1 1 1 1 1 1 1 1 1 1 
1 1 1 1 1 1 1 1 1 1 1 1 1 1 1 
1 1 1 1 1 1 1 1 1 1 1 1 1 1 1 
1 1 1 1 1 1 1 1 1 1 1 1 1 1 1 
1 1 1 1 1 1 1 1 1 1 1 1 1 1 1 
1 1 1 1 1 1 1 1 1 1 1 1 1 1 1 
1 1 1 1 1 1 1 1 1 1 1 1 1 1 1 
1 1 1 1 1 1 1 1 1 1 1 1 1 1 1 
1 1 1 1 1 1 1 1 1 1 1 1 1 1 1 
1 1 1 1 1 1 1 1 1 1 1 1 1 1 1 
1 1 1 1 1 1 1 1 1 1 1 1 1 1 1 
plexiglasswalls
5.95 3.85	5.95 5.95
8.05 3.85	10.15 3.85
5.25 8.75	7.35 8.75
9.45 6.65	7.35 6.65
2.45 2.45	2.45 4.55
2.45 9.45	0.35 9.45
3.85 6.65	3.85 4.55
4.55 3.15	6.65 3.15
1.75 5.95	1.75 8.05
3.85 3.15	3.85 1.05
3.15 7.35	3.15 9.45
6.65 5.95	8.75 5.95
4.55 8.05	6.65 8.05
4.55 2.45	4.55 0.35
9.45 2.45	7.35 2.45
1.05 4.55	1.05 2.45
7.35 7.35	9.45 7.35
5.95 1.05	8.05 1.05
2.45 8.05	2.45 5.95
1.05 5.95	1.05 8.05
endplex
boundarywalls
endbound
