R
0.7
1.4
HV
15
15
1 1 1 1 1 1 1 1 1 1 1 1 1 1 1 
1 1 1 1 1 1 1 1 1 1 1 1 1 1 1 
1 1 1 1 1 1 1 1 1 1 1 1 1 1 1 
1 1 1 1 1 1 1 1 1 1 1 1 1 1 1 
1 1 1 1 1 1 1 1 1 1 1 1 1 1 1 
1 1 1 1 1 1 1 1 1 1 1 1 1 1 1 
1 1 1 1 1 1 1 1 1 1 1 1 1 1 1 
1 1 1 1 1 1 1 1 1 1 1 1 1 1 1 
1 1 1 1 1 1 1 1 1 1 1 1 1 1 1 
1 1 1 1 1 1 1 1 1 1 1 1 1 1 1 
1 1 1 1 1 1 1 1 1 1 1 1 1 1 1 
1 1 1 1 1 1 1 1 1 1 1 1 1 1 1 
1 1 1 1 1 1 1 1 1 1 1 1 1 1 1 
1 1 1 1 1 1 1 1 1 1 1 1 1 1 1 
1 1 1 1 1 1 1 1 1 1 1 1 1 1 1 
plexiglasswalls
3.15 8.05	3.15 6.65
3.15 5.25	1.75 5.25
8.75 4.55	7.35 4.55
6.65 3.15	5.25 3.15
4.55 7.35	5.95 7.35
7.35 1.05	8.75 1.05
1.05 8.05	1.05 9.45
1.75 2.45	1.75 1.05
1.05 4.55	2.45 4.55
9.45 8.75	9.45 10.15
5.25 2.45	5.25 3.85
5.95 5.95	7.35 5.95
8.05 9.45	8.05 8.05
5.95 8.75	4.55 8.75
4.55 1.05	3.15 1.05
endplex
boundarywalls
endbound
