R
0.7
1.4
HV
15
15
1 1 1 1 1 1 1 1 1 1 1 1 1 1 1 
1 1 1 1 1 1 1 1 1 1 1 1 1 1 1 
1 1 1 1 1 1 1 1 1 1 1 1 1 1 1 
1 1 1 1 1 1 1 1 1 1 1 1 1 1 1 
1 1 1 1 1 1 1 1 1 1 1 1 1 1 1 
1 1 1 1 1 1 1 1 1 1 1 1 1 1 1 
1 1 1 1 1 1 1 1 1 1 1 1 1 1 1 
1 1 1 1 1 1 1 1 1 1 1 1 1 1 1 
1 1 1 1 1 1 1 1 1 1 1 1 1 1 1 
1 1 1 1 1 1 1 1 1 1 1 1 1 1 1 
1 1 1 1 1 1 1 1 1 1 1 1 1 1 1 
1 1 1 1 1 1 1 1 1 1 1 1 1 1 1 
1 1 1 1 1 1 1 1 1 1 1 1 1 1 1 
1 1 1 1 1 1 1 1 1 1 1 1 1 1 1 
1 1 1 1 1 1 1 1 1 1 1 1 1 1 1 
plexiglasswalls
3.85 5.25	5.25 5.25
8.75 3.15	8.75 1.75
5.25 5.95	5.25 7.35
8.05 3.85	6.65 3.85
3.85 4.55	2.45 4.55
1.75 2.45	0.35 2.45
8.75 8.75	8.75 7.35
6.65 5.25	8.05 5.25
4.55 3.15	4.55 1.75
6.65 8.75	5.25 8.75
3.85 9.45	5.25 9.45
4.55 5.95	4.55 7.35
3.15 8.75	3.15 7.35
5.25 3.15	6.65 3.15
4.55 3.85	5.95 3.85
endplex
boundarywalls
endbound
