R
0.7
1.4
HV
15
15
1 1 1 1 1 1 1 1 1 1 1 1 1 1 1 
1 1 1 1 1 1 1 1 1 1 1 1 1 1 1 
1 1 1 1 1 1 1 1 1 1 1 1 1 1 1 
1 1 1 1 1 1 1 1 1 1 1 1 1 1 1 
1 1 1 1 1 1 1 1 1 1 1 1 1 1 1 
1 1 1 1 1 1 1 1 1 1 1 1 1 1 1 
1 1 1 1 1 1 1 1 1 1 1 1 1 1 1 
1 1 1 1 1 1 1 1 1 1 1 1 1 1 1 
1 1 1 1 1 1 1 1 1 1 1 1 1 1 1 
1 1 1 1 1 1 1 1 1 1 1 1 1 1 1 
1 1 1 1 1 1 1 1 1 1 1 1 1 1 1 
1 1 1 1 1 1 1 1 1 1 1 1 1 1 1 
1 1 1 1 1 1 1 1 1 1 1 1 1 1 1 
1 1 1 1 1 1 1 1 1 1 1 1 1 1 1 
1 1 1 1 1 1 1 1 1 1 1 1 1 1 1 
plexiglasswalls
4.55 3.15	4.55 4.55
3.85 5.95	3.85 7.35
6.65 7.35	6.65 5.95
8.05 7.35	8.05 5.95
3.15 5.25	3.15 6.65
1.05 5.95	1.05 7.35
2.45 3.15	2.45 1.75
6.65 8.05	8.05 8.05
4.55 5.25	5.95 5.25
9.45 5.25	9.45 3.85
8.05 3.15	9.45 3.15
5.25 1.05	6.65 1.05
7.35 1.05	7.35 2.45
3.85 8.05	2.45 8.05
5.25 8.05	5.25 6.65
1.75 3.85	1.75 2.45
3.15 1.75	4.55 1.75
8.05 5.25	8.05 3.85
1.05 9.45	1.05 8.05
5.25 3.15	5.25 4.55
endplex
boundarywalls
endbound
