R
0.7
2.0999999999999996
HV
15
15
1 1 1 1 1 1 1 1 1 1 1 1 1 1 1 
1 1 1 1 1 1 1 1 1 1 1 1 1 1 1 
1 1 1 1 1 1 1 1 1 1 1 1 1 1 1 
1 1 1 1 1 1 1 1 1 1 1 1 1 1 1 
1 1 1 1 1 1 1 1 1 1 1 1 1 1 1 
1 1 1 1 1 1 1 1 1 1 1 1 1 1 1 
1 1 1 1 1 1 1 1 1 1 1 1 1 1 1 
1 1 1 1 1 1 1 1 1 1 1 1 1 1 1 
1 1 1 1 1 1 1 1 1 1 1 1 1 1 1 
1 1 1 1 1 1 1 1 1 1 1 1 1 1 1 
1 1 1 1 1 1 1 1 1 1 1 1 1 1 1 
1 1 1 1 1 1 1 1 1 1 1 1 1 1 1 
1 1 1 1 1 1 1 1 1 1 1 1 1 1 1 
1 1 1 1 1 1 1 1 1 1 1 1 1 1 1 
1 1 1 1 1 1 1 1 1 1 1 1 1 1 1 
plexiglasswalls
2.45 1.75	0.35 1.75
7.35 1.75	5.25 1.75
5.95 5.95	3.85 5.95
1.05 5.95	3.15 5.95
8.75 6.65	6.65 6.65
9.45 2.45	9.45 4.55
3.85 2.45	5.95 2.45
3.15 2.45	3.15 4.55
6.65 1.05	4.55 1.05
9.45 8.75	9.45 6.65
2.45 9.45	0.35 9.45
5.95 9.45	3.85 9.45
3.85 8.75	3.85 6.65
8.05 2.45	8.05 4.55
1.75 8.05	1.75 5.95
endplex
boundarywalls
endbound
