R
0.7
1.4
HV
15
15
1 1 1 1 1 1 1 1 1 1 1 1 1 1 1 
1 1 1 1 1 1 1 1 1 1 1 1 1 1 1 
1 1 1 1 1 1 1 1 1 1 1 1 1 1 1 
1 1 1 1 1 1 1 1 1 1 1 1 1 1 1 
1 1 1 1 1 1 1 1 1 1 1 1 1 1 1 
1 1 1 1 1 1 1 1 1 1 1 1 1 1 1 
1 1 1 1 1 1 1 1 1 1 1 1 1 1 1 
1 1 1 1 1 1 1 1 1 1 1 1 1 1 1 
1 1 1 1 1 1 1 1 1 1 1 1 1 1 1 
1 1 1 1 1 1 1 1 1 1 1 1 1 1 1 
1 1 1 1 1 1 1 1 1 1 1 1 1 1 1 
1 1 1 1 1 1 1 1 1 1 1 1 1 1 1 
1 1 1 1 1 1 1 1 1 1 1 1 1 1 1 
1 1 1 1 1 1 1 1 1 1 1 1 1 1 1 
1 1 1 1 1 1 1 1 1 1 1 1 1 1 1 
plexiglasswalls
5.95 8.05	4.55 8.05
3.15 1.75	3.15 3.15
1.05 8.75	1.05 10.15
9.45 8.75	8.05 8.75
4.55 2.45	4.55 3.85
1.75 7.35	3.15 7.35
5.95 4.55	4.55 4.55
5.95 9.45	7.35 9.45
3.85 6.65	2.45 6.65
6.65 1.75	6.65 0.35
3.85 3.15	3.85 1.75
3.85 4.55	3.85 5.95
8.75 3.15	10.15 3.15
4.55 7.35	4.55 5.95
8.05 5.95	8.05 4.55
endplex
boundarywalls
endbound
