R
0.7
2.0999999999999996
HV
15
15
1 1 1 1 1 1 1 1 1 1 1 1 1 1 1 
1 1 1 1 1 1 1 1 1 1 1 1 1 1 1 
1 1 1 1 1 1 1 1 1 1 1 1 1 1 1 
1 1 1 1 1 1 1 1 1 1 1 1 1 1 1 
1 1 1 1 1 1 1 1 1 1 1 1 1 1 1 
1 1 1 1 1 1 1 1 1 1 1 1 1 1 1 
1 1 1 1 1 1 1 1 1 1 1 1 1 1 1 
1 1 1 1 1 1 1 1 1 1 1 1 1 1 1 
1 1 1 1 1 1 1 1 1 1 1 1 1 1 1 
1 1 1 1 1 1 1 1 1 1 1 1 1 1 1 
1 1 1 1 1 1 1 1 1 1 1 1 1 1 1 
1 1 1 1 1 1 1 1 1 1 1 1 1 1 1 
1 1 1 1 1 1 1 1 1 1 1 1 1 1 1 
1 1 1 1 1 1 1 1 1 1 1 1 1 1 1 
1 1 1 1 1 1 1 1 1 1 1 1 1 1 1 
plexiglasswalls
5.95 5.25	5.95 3.15
5.95 8.05	5.95 5.95
6.65 7.35	8.75 7.35
2.45 5.25	4.55 5.25
1.75 7.35	3.85 7.35
1.75 8.75	3.85 8.75
7.35 3.85	7.35 5.95
5.25 7.35	5.25 5.25
7.35 6.65	9.45 6.65
1.05 1.75	3.15 1.75
5.25 2.45	3.15 2.45
8.05 5.95	8.05 3.85
9.45 8.05	7.35 8.05
2.45 2.45	2.45 4.55
4.55 8.05	2.45 8.05
endplex
boundarywalls
endbound
