R
0.7
0.7
HV
15
15
1 1 1 1 1 1 1 1 1 1 1 1 1 1 1 
1 1 1 1 1 1 1 1 1 1 1 1 1 1 1 
1 1 1 1 1 1 1 1 1 1 1 1 1 1 1 
1 1 1 1 1 1 1 1 1 1 1 1 1 1 1 
1 1 1 1 1 1 1 1 1 1 1 1 1 1 1 
1 1 1 1 1 1 1 1 1 1 1 1 1 1 1 
1 1 1 1 1 1 1 1 1 1 1 1 1 1 1 
1 1 1 1 1 1 1 1 1 1 1 1 1 1 1 
1 1 1 1 1 1 1 1 1 1 1 1 1 1 1 
1 1 1 1 1 1 1 1 1 1 1 1 1 1 1 
1 1 1 1 1 1 1 1 1 1 1 1 1 1 1 
1 1 1 1 1 1 1 1 1 1 1 1 1 1 1 
1 1 1 1 1 1 1 1 1 1 1 1 1 1 1 
1 1 1 1 1 1 1 1 1 1 1 1 1 1 1 
1 1 1 1 1 1 1 1 1 1 1 1 1 1 1 
plexiglasswalls
1.75 5.95	2.45 5.95
7.35 9.45	8.05 9.45
5.25 5.95	5.25 6.65
5.95 5.25	5.95 5.95
3.15 1.05	2.45 1.05
3.15 5.25	3.85 5.25
2.45 3.85	3.15 3.85
3.15 6.65	2.45 6.65
5.25 3.85	5.25 4.55
4.55 8.75	5.25 8.75
7.35 1.75	7.35 1.05
8.05 3.15	8.75 3.15
1.05 1.75	1.75 1.75
8.05 5.25	8.05 5.95
1.75 7.35	1.05 7.35
endplex
boundarywalls
endbound
