R
0.7
2.8
HV
15
15
1 1 1 1 1 1 1 1 1 1 1 1 1 1 1 
1 1 1 1 1 1 1 1 1 1 1 1 1 1 1 
1 1 1 1 1 1 1 1 1 1 1 1 1 1 1 
1 1 1 1 1 1 1 1 1 1 1 1 1 1 1 
1 1 1 1 1 1 1 1 1 1 1 1 1 1 1 
1 1 1 1 1 1 1 1 1 1 1 1 1 1 1 
1 1 1 1 1 1 1 1 1 1 1 1 1 1 1 
1 1 1 1 1 1 1 1 1 1 1 1 1 1 1 
1 1 1 1 1 1 1 1 1 1 1 1 1 1 1 
1 1 1 1 1 1 1 1 1 1 1 1 1 1 1 
1 1 1 1 1 1 1 1 1 1 1 1 1 1 1 
1 1 1 1 1 1 1 1 1 1 1 1 1 1 1 
1 1 1 1 1 1 1 1 1 1 1 1 1 1 1 
1 1 1 1 1 1 1 1 1 1 1 1 1 1 1 
1 1 1 1 1 1 1 1 1 1 1 1 1 1 1 
plexiglasswalls
4.55 5.95	1.75 5.95
5.95 8.05	5.95 5.25
2.45 9.45	5.25 9.45
7.35 5.95	7.35 3.15
2.45 6.65	5.25 6.65
3.85 8.75	1.05 8.75
2.45 1.75	2.45 4.55
1.75 8.05	1.75 5.25
4.55 3.85	4.55 1.05
8.75 7.35	8.75 4.55
1.05 2.45	1.05 5.25
8.05 7.35	8.05 10.15
2.45 7.35	5.25 7.35
6.65 4.55	6.65 1.75
8.05 1.05	8.05 3.85
5.25 3.85	5.25 1.05
8.75 3.85	8.75 1.05
3.85 5.25	6.65 5.25
7.35 6.65	7.35 9.45
3.85 1.05	3.85 3.85
endplex
boundarywalls
endbound
