R
0.7
0.7
HV
15
15
1 1 1 1 1 1 1 1 1 1 1 1 1 1 1 
1 1 1 1 1 1 1 1 1 1 1 1 1 1 1 
1 1 1 1 1 1 1 1 1 1 1 1 1 1 1 
1 1 1 1 1 1 1 1 1 1 1 1 1 1 1 
1 1 1 1 1 1 1 1 1 1 1 1 1 1 1 
1 1 1 1 1 1 1 1 1 1 1 1 1 1 1 
1 1 1 1 1 1 1 1 1 1 1 1 1 1 1 
1 1 1 1 1 1 1 1 1 1 1 1 1 1 1 
1 1 1 1 1 1 1 1 1 1 1 1 1 1 1 
1 1 1 1 1 1 1 1 1 1 1 1 1 1 1 
1 1 1 1 1 1 1 1 1 1 1 1 1 1 1 
1 1 1 1 1 1 1 1 1 1 1 1 1 1 1 
1 1 1 1 1 1 1 1 1 1 1 1 1 1 1 
1 1 1 1 1 1 1 1 1 1 1 1 1 1 1 
1 1 1 1 1 1 1 1 1 1 1 1 1 1 1 
plexiglasswalls
3.85 9.45	3.85 8.75
1.75 1.05	1.05 1.05
8.75 3.85	8.75 4.55
3.85 6.65	3.15 6.65
5.25 3.15	5.95 3.15
8.05 2.45	8.05 3.15
7.35 9.45	7.35 10.15
1.05 6.65	1.05 7.35
3.85 1.75	3.85 1.05
8.75 1.05	8.05 1.05
2.45 2.45	1.75 2.45
6.65 9.45	6.65 8.75
5.95 6.65	6.65 6.65
1.75 7.35	1.75 8.05
6.65 3.85	6.65 3.15
endplex
boundarywalls
endbound
