R
0.7
1.4
HV
15
15
1 1 1 1 1 1 1 1 1 1 1 1 1 1 1 
1 1 1 1 1 1 1 1 1 1 1 1 1 1 1 
1 1 1 1 1 1 1 1 1 1 1 1 1 1 1 
1 1 1 1 1 1 1 1 1 1 1 1 1 1 1 
1 1 1 1 1 1 1 1 1 1 1 1 1 1 1 
1 1 1 1 1 1 1 1 1 1 1 1 1 1 1 
1 1 1 1 1 1 1 1 1 1 1 1 1 1 1 
1 1 1 1 1 1 1 1 1 1 1 1 1 1 1 
1 1 1 1 1 1 1 1 1 1 1 1 1 1 1 
1 1 1 1 1 1 1 1 1 1 1 1 1 1 1 
1 1 1 1 1 1 1 1 1 1 1 1 1 1 1 
1 1 1 1 1 1 1 1 1 1 1 1 1 1 1 
1 1 1 1 1 1 1 1 1 1 1 1 1 1 1 
1 1 1 1 1 1 1 1 1 1 1 1 1 1 1 
1 1 1 1 1 1 1 1 1 1 1 1 1 1 1 
plexiglasswalls
7.35 1.75	7.35 0.35
1.75 7.35	3.15 7.35
9.45 4.55	9.45 5.95
4.55 4.55	4.55 5.95
1.75 4.55	0.35 4.55
1.75 1.75	1.75 0.35
5.25 1.75	3.85 1.75
5.25 3.85	5.25 2.45
9.45 8.75	8.05 8.75
4.55 6.65	3.15 6.65
8.05 6.65	6.65 6.65
5.95 1.05	5.95 2.45
5.95 6.65	5.95 5.25
9.45 1.05	9.45 2.45
2.45 8.05	2.45 9.45
endplex
boundarywalls
endbound
