R
0.7
0.7
HV
15
15
1 1 1 1 1 1 1 1 1 1 1 1 1 1 1 
1 1 1 1 1 1 1 1 1 1 1 1 1 1 1 
1 1 1 1 1 1 1 1 1 1 1 1 1 1 1 
1 1 1 1 1 1 1 1 1 1 1 1 1 1 1 
1 1 1 1 1 1 1 1 1 1 1 1 1 1 1 
1 1 1 1 1 1 1 1 1 1 1 1 1 1 1 
1 1 1 1 1 1 1 1 1 1 1 1 1 1 1 
1 1 1 1 1 1 1 1 1 1 1 1 1 1 1 
1 1 1 1 1 1 1 1 1 1 1 1 1 1 1 
1 1 1 1 1 1 1 1 1 1 1 1 1 1 1 
1 1 1 1 1 1 1 1 1 1 1 1 1 1 1 
1 1 1 1 1 1 1 1 1 1 1 1 1 1 1 
1 1 1 1 1 1 1 1 1 1 1 1 1 1 1 
1 1 1 1 1 1 1 1 1 1 1 1 1 1 1 
1 1 1 1 1 1 1 1 1 1 1 1 1 1 1 
plexiglasswalls
8.05 6.65	8.05 7.35
2.45 1.75	2.45 2.45
8.75 3.15	8.75 2.45
3.15 5.95	2.45 5.95
9.45 3.85	9.45 4.55
3.15 4.55	3.15 3.85
6.65 3.15	7.35 3.15
8.05 5.25	8.75 5.25
3.85 1.05	4.55 1.05
1.75 7.35	1.75 8.05
5.25 8.75	5.95 8.75
3.15 9.45	2.45 9.45
5.25 3.15	5.25 3.85
9.45 2.45	9.45 3.15
7.35 2.45	8.05 2.45
endplex
boundarywalls
endbound
