R
0.7
0.7
HV
15
15
1 1 1 1 1 1 1 1 1 1 1 1 1 1 1 
1 1 1 1 1 1 1 1 1 1 1 1 1 1 1 
1 1 1 1 1 1 1 1 1 1 1 1 1 1 1 
1 1 1 1 1 1 1 1 1 1 1 1 1 1 1 
1 1 1 1 1 1 1 1 1 1 1 1 1 1 1 
1 1 1 1 1 1 1 1 1 1 1 1 1 1 1 
1 1 1 1 1 1 1 1 1 1 1 1 1 1 1 
1 1 1 1 1 1 1 1 1 1 1 1 1 1 1 
1 1 1 1 1 1 1 1 1 1 1 1 1 1 1 
1 1 1 1 1 1 1 1 1 1 1 1 1 1 1 
1 1 1 1 1 1 1 1 1 1 1 1 1 1 1 
1 1 1 1 1 1 1 1 1 1 1 1 1 1 1 
1 1 1 1 1 1 1 1 1 1 1 1 1 1 1 
1 1 1 1 1 1 1 1 1 1 1 1 1 1 1 
1 1 1 1 1 1 1 1 1 1 1 1 1 1 1 
plexiglasswalls
1.05 3.85	1.05 4.55
9.45 4.55	9.45 3.85
8.75 7.35	9.45 7.35
8.05 5.95	7.35 5.95
8.05 6.65	8.05 7.35
2.45 1.05	3.15 1.05
8.05 9.45	8.05 8.75
5.95 5.25	5.95 5.95
7.35 6.65	7.35 7.35
3.85 7.35	3.85 6.65
8.05 1.05	8.75 1.05
5.95 3.85	5.95 4.55
1.05 7.35	1.05 6.65
3.85 9.45	4.55 9.45
8.75 2.45	8.75 1.75
endplex
boundarywalls
endbound
