R
0.7
2.8
HV
15
15
1 1 1 1 1 1 1 1 1 1 1 1 1 1 1 
1 1 1 1 1 1 1 1 1 1 1 1 1 1 1 
1 1 1 1 1 1 1 1 1 1 1 1 1 1 1 
1 1 1 1 1 1 1 1 1 1 1 1 1 1 1 
1 1 1 1 1 1 1 1 1 1 1 1 1 1 1 
1 1 1 1 1 1 1 1 1 1 1 1 1 1 1 
1 1 1 1 1 1 1 1 1 1 1 1 1 1 1 
1 1 1 1 1 1 1 1 1 1 1 1 1 1 1 
1 1 1 1 1 1 1 1 1 1 1 1 1 1 1 
1 1 1 1 1 1 1 1 1 1 1 1 1 1 1 
1 1 1 1 1 1 1 1 1 1 1 1 1 1 1 
1 1 1 1 1 1 1 1 1 1 1 1 1 1 1 
1 1 1 1 1 1 1 1 1 1 1 1 1 1 1 
1 1 1 1 1 1 1 1 1 1 1 1 1 1 1 
1 1 1 1 1 1 1 1 1 1 1 1 1 1 1 
plexiglasswalls
5.25 3.15	5.25 0.35
8.05 6.65	8.05 9.45
5.25 7.35	2.45 7.35
1.05 5.25	1.05 2.45
5.95 7.35	5.95 4.55
3.15 3.85	3.15 1.05
5.95 3.15	8.75 3.15
6.65 8.75	3.85 8.75
3.85 3.85	3.85 6.65
8.75 8.05	8.75 5.25
9.45 3.85	6.65 3.85
2.45 3.85	2.45 6.65
5.25 1.05	8.05 1.05
7.35 2.45	10.15 2.45
2.45 8.05	5.25 8.05
endplex
boundarywalls
endbound
