R
0.7
2.0999999999999996
HV
15
15
1 1 1 1 1 1 1 1 1 1 1 1 1 1 1 
1 1 1 1 1 1 1 1 1 1 1 1 1 1 1 
1 1 1 1 1 1 1 1 1 1 1 1 1 1 1 
1 1 1 1 1 1 1 1 1 1 1 1 1 1 1 
1 1 1 1 1 1 1 1 1 1 1 1 1 1 1 
1 1 1 1 1 1 1 1 1 1 1 1 1 1 1 
1 1 1 1 1 1 1 1 1 1 1 1 1 1 1 
1 1 1 1 1 1 1 1 1 1 1 1 1 1 1 
1 1 1 1 1 1 1 1 1 1 1 1 1 1 1 
1 1 1 1 1 1 1 1 1 1 1 1 1 1 1 
1 1 1 1 1 1 1 1 1 1 1 1 1 1 1 
1 1 1 1 1 1 1 1 1 1 1 1 1 1 1 
1 1 1 1 1 1 1 1 1 1 1 1 1 1 1 
1 1 1 1 1 1 1 1 1 1 1 1 1 1 1 
1 1 1 1 1 1 1 1 1 1 1 1 1 1 1 
plexiglasswalls
3.85 8.05	5.95 8.05
9.45 3.85	9.45 5.95
8.75 1.75	8.75 3.85
1.75 3.85	1.75 5.95
1.05 4.55	1.05 6.65
7.35 5.25	5.25 5.25
1.05 8.05	1.05 10.15
5.95 1.75	8.05 1.75
5.25 3.85	5.25 5.95
6.65 4.55	6.65 2.45
7.35 9.45	9.45 9.45
3.15 5.95	3.15 8.05
9.45 8.75	9.45 6.65
4.55 1.05	6.65 1.05
8.05 8.75	8.05 6.65
endplex
boundarywalls
endbound
