R
0.7
2.0999999999999996
HV
15
15
1 1 1 1 1 1 1 1 1 1 1 1 1 1 1 
1 1 1 1 1 1 1 1 1 1 1 1 1 1 1 
1 1 1 1 1 1 1 1 1 1 1 1 1 1 1 
1 1 1 1 1 1 1 1 1 1 1 1 1 1 1 
1 1 1 1 1 1 1 1 1 1 1 1 1 1 1 
1 1 1 1 1 1 1 1 1 1 1 1 1 1 1 
1 1 1 1 1 1 1 1 1 1 1 1 1 1 1 
1 1 1 1 1 1 1 1 1 1 1 1 1 1 1 
1 1 1 1 1 1 1 1 1 1 1 1 1 1 1 
1 1 1 1 1 1 1 1 1 1 1 1 1 1 1 
1 1 1 1 1 1 1 1 1 1 1 1 1 1 1 
1 1 1 1 1 1 1 1 1 1 1 1 1 1 1 
1 1 1 1 1 1 1 1 1 1 1 1 1 1 1 
1 1 1 1 1 1 1 1 1 1 1 1 1 1 1 
1 1 1 1 1 1 1 1 1 1 1 1 1 1 1 
plexiglasswalls
1.05 6.65	3.15 6.65
8.05 8.05	10.15 8.05
7.35 5.95	9.45 5.95
4.55 1.05	6.65 1.05
1.05 5.25	3.15 5.25
4.55 7.35	4.55 5.25
1.75 4.55	3.85 4.55
4.55 1.75	6.65 1.75
8.05 3.85	8.05 1.75
7.35 9.45	5.25 9.45
1.75 8.75	1.75 6.65
2.45 7.35	2.45 9.45
1.05 3.15	1.05 1.05
5.25 5.25	7.35 5.25
5.95 3.15	8.05 3.15
endplex
boundarywalls
endbound
