R
0.7
2.8
HV
15
15
1 1 1 1 1 1 1 1 1 1 1 1 1 1 1 
1 1 1 1 1 1 1 1 1 1 1 1 1 1 1 
1 1 1 1 1 1 1 1 1 1 1 1 1 1 1 
1 1 1 1 1 1 1 1 1 1 1 1 1 1 1 
1 1 1 1 1 1 1 1 1 1 1 1 1 1 1 
1 1 1 1 1 1 1 1 1 1 1 1 1 1 1 
1 1 1 1 1 1 1 1 1 1 1 1 1 1 1 
1 1 1 1 1 1 1 1 1 1 1 1 1 1 1 
1 1 1 1 1 1 1 1 1 1 1 1 1 1 1 
1 1 1 1 1 1 1 1 1 1 1 1 1 1 1 
1 1 1 1 1 1 1 1 1 1 1 1 1 1 1 
1 1 1 1 1 1 1 1 1 1 1 1 1 1 1 
1 1 1 1 1 1 1 1 1 1 1 1 1 1 1 
1 1 1 1 1 1 1 1 1 1 1 1 1 1 1 
1 1 1 1 1 1 1 1 1 1 1 1 1 1 1 
plexiglasswalls
5.95 7.35	5.95 4.55
4.55 3.15	1.75 3.15
4.55 9.45	7.35 9.45
1.75 5.25	1.75 2.45
9.45 4.55	9.45 1.75
3.15 6.65	3.15 3.85
5.25 8.75	8.05 8.75
5.25 5.95	5.25 3.15
3.15 8.75	0.35 8.75
7.35 1.05	4.55 1.05
8.05 8.05	5.25 8.05
3.85 6.65	3.85 3.85
7.35 2.45	7.35 5.25
8.75 1.05	8.75 3.85
1.05 1.05	3.85 1.05
1.75 7.35	4.55 7.35
2.45 2.45	5.25 2.45
8.05 6.65	8.05 3.85
9.45 8.05	9.45 5.25
1.05 6.65	1.05 3.85
endplex
boundarywalls
endbound
