R
0.7
2.0999999999999996
HV
15
15
1 1 1 1 1 1 1 1 1 1 1 1 1 1 1 
1 1 1 1 1 1 1 1 1 1 1 1 1 1 1 
1 1 1 1 1 1 1 1 1 1 1 1 1 1 1 
1 1 1 1 1 1 1 1 1 1 1 1 1 1 1 
1 1 1 1 1 1 1 1 1 1 1 1 1 1 1 
1 1 1 1 1 1 1 1 1 1 1 1 1 1 1 
1 1 1 1 1 1 1 1 1 1 1 1 1 1 1 
1 1 1 1 1 1 1 1 1 1 1 1 1 1 1 
1 1 1 1 1 1 1 1 1 1 1 1 1 1 1 
1 1 1 1 1 1 1 1 1 1 1 1 1 1 1 
1 1 1 1 1 1 1 1 1 1 1 1 1 1 1 
1 1 1 1 1 1 1 1 1 1 1 1 1 1 1 
1 1 1 1 1 1 1 1 1 1 1 1 1 1 1 
1 1 1 1 1 1 1 1 1 1 1 1 1 1 1 
1 1 1 1 1 1 1 1 1 1 1 1 1 1 1 
plexiglasswalls
3.85 7.35	3.85 5.25
4.55 6.65	4.55 8.75
3.15 3.15	5.25 3.15
4.55 2.45	4.55 0.35
5.25 8.05	5.25 10.15
8.75 7.35	8.75 5.25
7.35 4.55	7.35 2.45
3.85 5.95	5.95 5.95
1.05 7.35	1.05 9.45
8.05 6.65	8.05 4.55
8.75 4.55	8.75 2.45
7.35 7.35	7.35 5.25
4.55 4.55	2.45 4.55
5.95 8.05	8.05 8.05
6.65 2.45	6.65 4.55
3.85 8.05	1.75 8.05
1.05 1.05	3.15 1.05
9.45 8.75	7.35 8.75
5.95 4.55	5.95 2.45
7.35 1.05	5.25 1.05
endplex
boundarywalls
endbound
