R
0.7
2.8
HV
15
15
1 1 1 1 1 1 1 1 1 1 1 1 1 1 1 
1 1 1 1 1 1 1 1 1 1 1 1 1 1 1 
1 1 1 1 1 1 1 1 1 1 1 1 1 1 1 
1 1 1 1 1 1 1 1 1 1 1 1 1 1 1 
1 1 1 1 1 1 1 1 1 1 1 1 1 1 1 
1 1 1 1 1 1 1 1 1 1 1 1 1 1 1 
1 1 1 1 1 1 1 1 1 1 1 1 1 1 1 
1 1 1 1 1 1 1 1 1 1 1 1 1 1 1 
1 1 1 1 1 1 1 1 1 1 1 1 1 1 1 
1 1 1 1 1 1 1 1 1 1 1 1 1 1 1 
1 1 1 1 1 1 1 1 1 1 1 1 1 1 1 
1 1 1 1 1 1 1 1 1 1 1 1 1 1 1 
1 1 1 1 1 1 1 1 1 1 1 1 1 1 1 
1 1 1 1 1 1 1 1 1 1 1 1 1 1 1 
1 1 1 1 1 1 1 1 1 1 1 1 1 1 1 
plexiglasswalls
1.05 7.35	3.85 7.35
5.95 1.75	5.95 4.55
9.45 5.25	6.65 5.25
9.45 8.75	9.45 5.95
8.75 1.05	8.75 3.85
2.45 5.25	2.45 2.45
2.45 1.75	5.25 1.75
1.75 9.45	4.55 9.45
1.75 6.65	4.55 6.65
1.05 5.95	3.85 5.95
8.05 9.45	5.25 9.45
8.75 5.95	5.95 5.95
2.45 1.05	5.25 1.05
3.85 8.75	6.65 8.75
8.75 7.35	8.75 10.15
1.05 9.45	1.05 6.65
5.25 3.85	5.25 6.65
1.05 5.25	1.05 2.45
3.85 8.05	1.05 8.05
8.05 1.05	8.05 3.85
endplex
boundarywalls
endbound
