R
0.7
0.7
HV
15
15
1 1 1 1 1 1 1 1 1 1 1 1 1 1 1 
1 1 1 1 1 1 1 1 1 1 1 1 1 1 1 
1 1 1 1 1 1 1 1 1 1 1 1 1 1 1 
1 1 1 1 1 1 1 1 1 1 1 1 1 1 1 
1 1 1 1 1 1 1 1 1 1 1 1 1 1 1 
1 1 1 1 1 1 1 1 1 1 1 1 1 1 1 
1 1 1 1 1 1 1 1 1 1 1 1 1 1 1 
1 1 1 1 1 1 1 1 1 1 1 1 1 1 1 
1 1 1 1 1 1 1 1 1 1 1 1 1 1 1 
1 1 1 1 1 1 1 1 1 1 1 1 1 1 1 
1 1 1 1 1 1 1 1 1 1 1 1 1 1 1 
1 1 1 1 1 1 1 1 1 1 1 1 1 1 1 
1 1 1 1 1 1 1 1 1 1 1 1 1 1 1 
1 1 1 1 1 1 1 1 1 1 1 1 1 1 1 
1 1 1 1 1 1 1 1 1 1 1 1 1 1 1 
plexiglasswalls
3.85 4.55	4.55 4.55
8.05 9.45	8.75 9.45
5.95 1.75	5.95 1.05
3.85 7.35	3.85 6.65
7.35 8.05	7.35 7.35
7.35 8.75	7.35 9.45
2.45 2.45	2.45 1.75
8.75 6.65	8.05 6.65
3.15 1.75	3.15 1.05
1.75 4.55	1.75 3.85
1.05 4.55	0.35 4.55
5.25 8.75	5.25 8.05
1.75 6.65	2.45 6.65
6.65 7.35	6.65 8.05
1.05 9.45	1.05 8.75
7.35 3.85	7.35 4.55
8.75 3.85	8.75 4.55
5.25 7.35	4.55 7.35
3.15 5.95	3.15 6.65
3.15 7.35	3.15 8.05
endplex
boundarywalls
endbound
