R
0.7
2.8
HV
15
15
1 1 1 1 1 1 1 1 1 1 1 1 1 1 1 
1 1 1 1 1 1 1 1 1 1 1 1 1 1 1 
1 1 1 1 1 1 1 1 1 1 1 1 1 1 1 
1 1 1 1 1 1 1 1 1 1 1 1 1 1 1 
1 1 1 1 1 1 1 1 1 1 1 1 1 1 1 
1 1 1 1 1 1 1 1 1 1 1 1 1 1 1 
1 1 1 1 1 1 1 1 1 1 1 1 1 1 1 
1 1 1 1 1 1 1 1 1 1 1 1 1 1 1 
1 1 1 1 1 1 1 1 1 1 1 1 1 1 1 
1 1 1 1 1 1 1 1 1 1 1 1 1 1 1 
1 1 1 1 1 1 1 1 1 1 1 1 1 1 1 
1 1 1 1 1 1 1 1 1 1 1 1 1 1 1 
1 1 1 1 1 1 1 1 1 1 1 1 1 1 1 
1 1 1 1 1 1 1 1 1 1 1 1 1 1 1 
1 1 1 1 1 1 1 1 1 1 1 1 1 1 1 
plexiglasswalls
8.75 3.15	8.75 5.95
6.65 8.05	9.45 8.05
1.05 5.25	1.05 2.45
8.75 6.65	5.95 6.65
4.55 5.25	4.55 2.45
3.85 3.15	1.05 3.15
5.25 3.85	8.05 3.85
3.85 9.45	6.65 9.45
5.25 8.05	2.45 8.05
5.95 1.75	3.15 1.75
7.35 4.55	4.55 4.55
1.75 7.35	1.75 10.15
6.65 3.15	6.65 0.35
1.05 9.45	1.05 6.65
6.65 1.75	9.45 1.75
8.75 8.75	5.95 8.75
3.85 5.95	6.65 5.95
6.65 7.35	3.85 7.35
2.45 1.05	5.25 1.05
1.05 3.85	3.85 3.85
endplex
boundarywalls
endbound
