R
0.7
2.0999999999999996
HV
15
15
1 1 1 1 1 1 1 1 1 1 1 1 1 1 1 
1 1 1 1 1 1 1 1 1 1 1 1 1 1 1 
1 1 1 1 1 1 1 1 1 1 1 1 1 1 1 
1 1 1 1 1 1 1 1 1 1 1 1 1 1 1 
1 1 1 1 1 1 1 1 1 1 1 1 1 1 1 
1 1 1 1 1 1 1 1 1 1 1 1 1 1 1 
1 1 1 1 1 1 1 1 1 1 1 1 1 1 1 
1 1 1 1 1 1 1 1 1 1 1 1 1 1 1 
1 1 1 1 1 1 1 1 1 1 1 1 1 1 1 
1 1 1 1 1 1 1 1 1 1 1 1 1 1 1 
1 1 1 1 1 1 1 1 1 1 1 1 1 1 1 
1 1 1 1 1 1 1 1 1 1 1 1 1 1 1 
1 1 1 1 1 1 1 1 1 1 1 1 1 1 1 
1 1 1 1 1 1 1 1 1 1 1 1 1 1 1 
1 1 1 1 1 1 1 1 1 1 1 1 1 1 1 
plexiglasswalls
7.35 1.75	5.25 1.75
7.35 4.55	7.35 6.65
2.45 7.35	4.55 7.35
5.95 3.85	3.85 3.85
8.05 8.05	5.95 8.05
5.95 3.15	3.85 3.15
5.25 2.45	7.35 2.45
1.75 1.05	3.85 1.05
1.05 3.85	3.15 3.85
2.45 8.05	4.55 8.05
3.85 8.75	5.95 8.75
8.75 3.85	6.65 3.85
3.85 9.45	1.75 9.45
8.05 9.45	10.15 9.45
9.45 5.25	9.45 7.35
endplex
boundarywalls
endbound
