R
0.7
0.7
HV
15
15
1 1 1 1 1 1 1 1 1 1 1 1 1 1 1 
1 1 1 1 1 1 1 1 1 1 1 1 1 1 1 
1 1 1 1 1 1 1 1 1 1 1 1 1 1 1 
1 1 1 1 1 1 1 1 1 1 1 1 1 1 1 
1 1 1 1 1 1 1 1 1 1 1 1 1 1 1 
1 1 1 1 1 1 1 1 1 1 1 1 1 1 1 
1 1 1 1 1 1 1 1 1 1 1 1 1 1 1 
1 1 1 1 1 1 1 1 1 1 1 1 1 1 1 
1 1 1 1 1 1 1 1 1 1 1 1 1 1 1 
1 1 1 1 1 1 1 1 1 1 1 1 1 1 1 
1 1 1 1 1 1 1 1 1 1 1 1 1 1 1 
1 1 1 1 1 1 1 1 1 1 1 1 1 1 1 
1 1 1 1 1 1 1 1 1 1 1 1 1 1 1 
1 1 1 1 1 1 1 1 1 1 1 1 1 1 1 
1 1 1 1 1 1 1 1 1 1 1 1 1 1 1 
plexiglasswalls
2.45 8.75	1.75 8.75
3.15 5.25	3.15 5.95
8.05 2.45	8.05 3.15
5.25 1.75	5.25 1.05
5.25 7.35	4.55 7.35
4.55 9.45	3.85 9.45
1.75 1.05	2.45 1.05
6.65 6.65	6.65 5.95
1.05 5.25	0.35 5.25
8.05 1.75	8.05 1.05
3.85 3.85	4.55 3.85
9.45 7.35	10.15 7.35
3.15 7.35	3.15 6.65
8.75 1.75	8.75 2.45
3.15 1.75	3.15 2.45
2.45 7.35	1.75 7.35
5.25 3.85	5.25 3.15
2.45 2.45	2.45 3.15
3.85 5.25	3.85 5.95
9.45 8.75	10.15 8.75
endplex
boundarywalls
endbound
