R
0.7
2.0999999999999996
HV
15
15
1 1 1 1 1 1 1 1 1 1 1 1 1 1 1 
1 1 1 1 1 1 1 1 1 1 1 1 1 1 1 
1 1 1 1 1 1 1 1 1 1 1 1 1 1 1 
1 1 1 1 1 1 1 1 1 1 1 1 1 1 1 
1 1 1 1 1 1 1 1 1 1 1 1 1 1 1 
1 1 1 1 1 1 1 1 1 1 1 1 1 1 1 
1 1 1 1 1 1 1 1 1 1 1 1 1 1 1 
1 1 1 1 1 1 1 1 1 1 1 1 1 1 1 
1 1 1 1 1 1 1 1 1 1 1 1 1 1 1 
1 1 1 1 1 1 1 1 1 1 1 1 1 1 1 
1 1 1 1 1 1 1 1 1 1 1 1 1 1 1 
1 1 1 1 1 1 1 1 1 1 1 1 1 1 1 
1 1 1 1 1 1 1 1 1 1 1 1 1 1 1 
1 1 1 1 1 1 1 1 1 1 1 1 1 1 1 
1 1 1 1 1 1 1 1 1 1 1 1 1 1 1 
plexiglasswalls
1.05 4.55	1.05 6.65
8.75 6.65	6.65 6.65
9.45 4.55	7.35 4.55
5.25 7.35	7.35 7.35
5.95 2.45	5.95 4.55
3.85 1.75	3.85 3.85
4.55 1.05	4.55 3.15
5.25 8.05	3.15 8.05
7.35 8.75	7.35 6.65
1.75 8.75	3.85 8.75
4.55 6.65	2.45 6.65
2.45 5.95	4.55 5.95
4.55 5.25	6.65 5.25
1.75 7.35	1.75 5.25
6.65 4.55	4.55 4.55
endplex
boundarywalls
endbound
