R
0.7
0.7
HV
15
15
1 1 1 1 1 1 1 1 1 1 1 1 1 1 1 
1 1 1 1 1 1 1 1 1 1 1 1 1 1 1 
1 1 1 1 1 1 1 1 1 1 1 1 1 1 1 
1 1 1 1 1 1 1 1 1 1 1 1 1 1 1 
1 1 1 1 1 1 1 1 1 1 1 1 1 1 1 
1 1 1 1 1 1 1 1 1 1 1 1 1 1 1 
1 1 1 1 1 1 1 1 1 1 1 1 1 1 1 
1 1 1 1 1 1 1 1 1 1 1 1 1 1 1 
1 1 1 1 1 1 1 1 1 1 1 1 1 1 1 
1 1 1 1 1 1 1 1 1 1 1 1 1 1 1 
1 1 1 1 1 1 1 1 1 1 1 1 1 1 1 
1 1 1 1 1 1 1 1 1 1 1 1 1 1 1 
1 1 1 1 1 1 1 1 1 1 1 1 1 1 1 
1 1 1 1 1 1 1 1 1 1 1 1 1 1 1 
1 1 1 1 1 1 1 1 1 1 1 1 1 1 1 
plexiglasswalls
8.05 2.45	7.35 2.45
7.35 5.95	7.35 6.65
8.05 1.05	8.75 1.05
3.85 1.05	3.85 0.35
9.45 4.55	9.45 3.85
5.25 1.75	5.25 2.45
2.45 8.75	1.75 8.75
8.75 7.35	8.75 6.65
7.35 8.75	7.35 9.45
9.45 7.35	9.45 6.65
2.45 1.05	2.45 0.35
8.75 8.75	8.05 8.75
1.75 6.65	1.75 5.95
8.05 6.65	8.05 7.35
5.95 4.55	5.95 5.25
endplex
boundarywalls
endbound
