R
0.7
1.4
HV
15
15
1 1 1 1 1 1 1 1 1 1 1 1 1 1 1 
1 1 1 1 1 1 1 1 1 1 1 1 1 1 1 
1 1 1 1 1 1 1 1 1 1 1 1 1 1 1 
1 1 1 1 1 1 1 1 1 1 1 1 1 1 1 
1 1 1 1 1 1 1 1 1 1 1 1 1 1 1 
1 1 1 1 1 1 1 1 1 1 1 1 1 1 1 
1 1 1 1 1 1 1 1 1 1 1 1 1 1 1 
1 1 1 1 1 1 1 1 1 1 1 1 1 1 1 
1 1 1 1 1 1 1 1 1 1 1 1 1 1 1 
1 1 1 1 1 1 1 1 1 1 1 1 1 1 1 
1 1 1 1 1 1 1 1 1 1 1 1 1 1 1 
1 1 1 1 1 1 1 1 1 1 1 1 1 1 1 
1 1 1 1 1 1 1 1 1 1 1 1 1 1 1 
1 1 1 1 1 1 1 1 1 1 1 1 1 1 1 
1 1 1 1 1 1 1 1 1 1 1 1 1 1 1 
plexiglasswalls
5.95 2.45	4.55 2.45
4.55 1.75	5.95 1.75
7.35 5.95	7.35 4.55
3.15 3.85	4.55 3.85
3.15 7.35	4.55 7.35
1.05 7.35	1.05 8.75
2.45 1.05	3.85 1.05
5.25 8.75	5.25 10.15
4.55 5.25	5.95 5.25
9.45 3.85	9.45 5.25
3.85 4.55	2.45 4.55
8.75 3.15	8.75 1.75
1.05 3.15	1.05 1.75
8.75 6.65	7.35 6.65
1.05 5.95	1.05 4.55
8.05 8.75	8.05 7.35
1.05 2.45	2.45 2.45
5.95 4.55	4.55 4.55
3.15 5.25	3.15 6.65
2.45 8.05	2.45 9.45
endplex
boundarywalls
endbound
