R
0.7
0.7
HV
15
15
1 1 1 1 1 1 1 1 1 1 1 1 1 1 1 
1 1 1 1 1 1 1 1 1 1 1 1 1 1 1 
1 1 1 1 1 1 1 1 1 1 1 1 1 1 1 
1 1 1 1 1 1 1 1 1 1 1 1 1 1 1 
1 1 1 1 1 1 1 1 1 1 1 1 1 1 1 
1 1 1 1 1 1 1 1 1 1 1 1 1 1 1 
1 1 1 1 1 1 1 1 1 1 1 1 1 1 1 
1 1 1 1 1 1 1 1 1 1 1 1 1 1 1 
1 1 1 1 1 1 1 1 1 1 1 1 1 1 1 
1 1 1 1 1 1 1 1 1 1 1 1 1 1 1 
1 1 1 1 1 1 1 1 1 1 1 1 1 1 1 
1 1 1 1 1 1 1 1 1 1 1 1 1 1 1 
1 1 1 1 1 1 1 1 1 1 1 1 1 1 1 
1 1 1 1 1 1 1 1 1 1 1 1 1 1 1 
1 1 1 1 1 1 1 1 1 1 1 1 1 1 1 
plexiglasswalls
6.65 1.05	5.95 1.05
8.05 8.05	8.75 8.05
9.45 6.65	9.45 5.95
6.65 7.35	5.95 7.35
1.75 1.75	2.45 1.75
6.65 4.55	6.65 3.85
5.25 5.25	5.25 5.95
3.15 3.15	3.15 2.45
5.95 3.85	5.95 4.55
8.05 7.35	8.05 6.65
5.25 6.65	5.95 6.65
7.35 1.75	8.05 1.75
6.65 9.45	7.35 9.45
3.85 1.75	3.15 1.75
3.15 5.25	3.85 5.25
endplex
boundarywalls
endbound
