R
0.7
1.4
HV
15
15
1 1 1 1 1 1 1 1 1 1 1 1 1 1 1 
1 1 1 1 1 1 1 1 1 1 1 1 1 1 1 
1 1 1 1 1 1 1 1 1 1 1 1 1 1 1 
1 1 1 1 1 1 1 1 1 1 1 1 1 1 1 
1 1 1 1 1 1 1 1 1 1 1 1 1 1 1 
1 1 1 1 1 1 1 1 1 1 1 1 1 1 1 
1 1 1 1 1 1 1 1 1 1 1 1 1 1 1 
1 1 1 1 1 1 1 1 1 1 1 1 1 1 1 
1 1 1 1 1 1 1 1 1 1 1 1 1 1 1 
1 1 1 1 1 1 1 1 1 1 1 1 1 1 1 
1 1 1 1 1 1 1 1 1 1 1 1 1 1 1 
1 1 1 1 1 1 1 1 1 1 1 1 1 1 1 
1 1 1 1 1 1 1 1 1 1 1 1 1 1 1 
1 1 1 1 1 1 1 1 1 1 1 1 1 1 1 
1 1 1 1 1 1 1 1 1 1 1 1 1 1 1 
plexiglasswalls
2.45 4.55	1.05 4.55
5.25 1.05	6.65 1.05
1.75 1.05	1.75 2.45
8.75 1.75	7.35 1.75
9.45 3.85	9.45 5.25
5.95 4.55	4.55 4.55
4.55 3.85	3.15 3.85
8.75 1.05	7.35 1.05
1.75 8.75	1.75 7.35
5.25 7.35	5.25 8.75
6.65 3.15	6.65 4.55
4.55 7.35	4.55 5.95
7.35 5.95	7.35 7.35
8.75 2.45	10.15 2.45
8.05 2.45	8.05 3.85
3.85 8.75	2.45 8.75
4.55 1.75	4.55 0.35
8.75 6.65	10.15 6.65
7.35 3.15	7.35 4.55
8.75 9.45	8.75 8.05
endplex
boundarywalls
endbound
