R
0.7
0.7
HV
15
15
1 1 1 1 1 1 1 1 1 1 1 1 1 1 1 
1 1 1 1 1 1 1 1 1 1 1 1 1 1 1 
1 1 1 1 1 1 1 1 1 1 1 1 1 1 1 
1 1 1 1 1 1 1 1 1 1 1 1 1 1 1 
1 1 1 1 1 1 1 1 1 1 1 1 1 1 1 
1 1 1 1 1 1 1 1 1 1 1 1 1 1 1 
1 1 1 1 1 1 1 1 1 1 1 1 1 1 1 
1 1 1 1 1 1 1 1 1 1 1 1 1 1 1 
1 1 1 1 1 1 1 1 1 1 1 1 1 1 1 
1 1 1 1 1 1 1 1 1 1 1 1 1 1 1 
1 1 1 1 1 1 1 1 1 1 1 1 1 1 1 
1 1 1 1 1 1 1 1 1 1 1 1 1 1 1 
1 1 1 1 1 1 1 1 1 1 1 1 1 1 1 
1 1 1 1 1 1 1 1 1 1 1 1 1 1 1 
1 1 1 1 1 1 1 1 1 1 1 1 1 1 1 
plexiglasswalls
3.15 6.65	2.45 6.65
5.25 3.85	5.25 3.15
4.55 8.75	4.55 9.45
9.45 1.05	8.75 1.05
7.35 9.45	6.65 9.45
8.75 7.35	8.75 8.05
8.75 2.45	9.45 2.45
6.65 5.25	5.95 5.25
9.45 7.35	10.15 7.35
1.75 4.55	1.05 4.55
7.35 1.75	8.05 1.75
5.95 1.75	5.25 1.75
8.05 6.65	8.05 7.35
3.85 5.95	3.85 6.65
5.95 7.35	6.65 7.35
endplex
boundarywalls
endbound
