R
0.7
0.7
HV
15
15
1 1 1 1 1 1 1 1 1 1 1 1 1 1 1 
1 1 1 1 1 1 1 1 1 1 1 1 1 1 1 
1 1 1 1 1 1 1 1 1 1 1 1 1 1 1 
1 1 1 1 1 1 1 1 1 1 1 1 1 1 1 
1 1 1 1 1 1 1 1 1 1 1 1 1 1 1 
1 1 1 1 1 1 1 1 1 1 1 1 1 1 1 
1 1 1 1 1 1 1 1 1 1 1 1 1 1 1 
1 1 1 1 1 1 1 1 1 1 1 1 1 1 1 
1 1 1 1 1 1 1 1 1 1 1 1 1 1 1 
1 1 1 1 1 1 1 1 1 1 1 1 1 1 1 
1 1 1 1 1 1 1 1 1 1 1 1 1 1 1 
1 1 1 1 1 1 1 1 1 1 1 1 1 1 1 
1 1 1 1 1 1 1 1 1 1 1 1 1 1 1 
1 1 1 1 1 1 1 1 1 1 1 1 1 1 1 
1 1 1 1 1 1 1 1 1 1 1 1 1 1 1 
plexiglasswalls
8.75 3.85	9.45 3.85
7.35 4.55	7.35 3.85
9.45 8.05	8.75 8.05
8.05 8.05	8.05 8.75
2.45 7.35	1.75 7.35
8.05 1.05	8.75 1.05
6.65 6.65	6.65 7.35
6.65 8.75	5.95 8.75
3.85 6.65	4.55 6.65
3.85 9.45	4.55 9.45
5.95 8.05	6.65 8.05
5.95 9.45	6.65 9.45
5.25 5.25	5.25 5.95
1.75 1.75	1.75 2.45
8.75 8.75	9.45 8.75
3.85 5.25	4.55 5.25
4.55 1.05	4.55 0.35
7.35 6.65	7.35 5.95
3.85 2.45	3.15 2.45
3.15 3.15	3.85 3.15
endplex
boundarywalls
endbound
