R
0.7
2.0999999999999996
HV
15
15
1 1 1 1 1 1 1 1 1 1 1 1 1 1 1 
1 1 1 1 1 1 1 1 1 1 1 1 1 1 1 
1 1 1 1 1 1 1 1 1 1 1 1 1 1 1 
1 1 1 1 1 1 1 1 1 1 1 1 1 1 1 
1 1 1 1 1 1 1 1 1 1 1 1 1 1 1 
1 1 1 1 1 1 1 1 1 1 1 1 1 1 1 
1 1 1 1 1 1 1 1 1 1 1 1 1 1 1 
1 1 1 1 1 1 1 1 1 1 1 1 1 1 1 
1 1 1 1 1 1 1 1 1 1 1 1 1 1 1 
1 1 1 1 1 1 1 1 1 1 1 1 1 1 1 
1 1 1 1 1 1 1 1 1 1 1 1 1 1 1 
1 1 1 1 1 1 1 1 1 1 1 1 1 1 1 
1 1 1 1 1 1 1 1 1 1 1 1 1 1 1 
1 1 1 1 1 1 1 1 1 1 1 1 1 1 1 
1 1 1 1 1 1 1 1 1 1 1 1 1 1 1 
plexiglasswalls
5.95 4.55	5.95 2.45
8.75 2.45	8.75 0.35
7.35 5.25	5.25 5.25
2.45 2.45	2.45 0.35
4.55 3.15	2.45 3.15
2.45 6.65	4.55 6.65
5.95 8.05	5.95 5.95
2.45 3.85	4.55 3.85
2.45 9.45	2.45 7.35
8.05 3.15	5.95 3.15
5.95 9.45	8.05 9.45
9.45 4.55	9.45 6.65
8.05 6.65	8.05 4.55
4.55 5.95	2.45 5.95
1.05 8.05	1.05 5.95
4.55 9.45	4.55 7.35
1.05 4.55	3.15 4.55
1.05 1.75	1.05 3.85
3.15 9.45	3.15 7.35
7.35 3.15	7.35 1.05
endplex
boundarywalls
endbound
