R
0.7
2.0999999999999996
HV
15
15
1 1 1 1 1 1 1 1 1 1 1 1 1 1 1 
1 1 1 1 1 1 1 1 1 1 1 1 1 1 1 
1 1 1 1 1 1 1 1 1 1 1 1 1 1 1 
1 1 1 1 1 1 1 1 1 1 1 1 1 1 1 
1 1 1 1 1 1 1 1 1 1 1 1 1 1 1 
1 1 1 1 1 1 1 1 1 1 1 1 1 1 1 
1 1 1 1 1 1 1 1 1 1 1 1 1 1 1 
1 1 1 1 1 1 1 1 1 1 1 1 1 1 1 
1 1 1 1 1 1 1 1 1 1 1 1 1 1 1 
1 1 1 1 1 1 1 1 1 1 1 1 1 1 1 
1 1 1 1 1 1 1 1 1 1 1 1 1 1 1 
1 1 1 1 1 1 1 1 1 1 1 1 1 1 1 
1 1 1 1 1 1 1 1 1 1 1 1 1 1 1 
1 1 1 1 1 1 1 1 1 1 1 1 1 1 1 
1 1 1 1 1 1 1 1 1 1 1 1 1 1 1 
plexiglasswalls
6.65 5.95	8.75 5.95
1.75 8.05	1.75 5.95
5.95 6.65	5.95 4.55
2.45 8.05	2.45 10.15
3.15 9.45	3.15 7.35
3.15 3.15	3.15 1.05
7.35 2.45	7.35 4.55
6.65 8.75	4.55 8.75
5.25 6.65	5.25 4.55
3.85 4.55	3.85 6.65
3.85 1.75	5.95 1.75
5.25 1.05	7.35 1.05
8.05 9.45	10.15 9.45
9.45 4.55	9.45 2.45
1.05 6.65	1.05 8.75
7.35 9.45	5.25 9.45
3.85 2.45	3.85 0.35
8.05 5.25	8.05 3.15
1.75 3.15	1.75 5.25
8.75 1.05	8.75 3.15
endplex
boundarywalls
endbound
