R
0.7
2.0999999999999996
HV
15
15
1 1 1 1 1 1 1 1 1 1 1 1 1 1 1 
1 1 1 1 1 1 1 1 1 1 1 1 1 1 1 
1 1 1 1 1 1 1 1 1 1 1 1 1 1 1 
1 1 1 1 1 1 1 1 1 1 1 1 1 1 1 
1 1 1 1 1 1 1 1 1 1 1 1 1 1 1 
1 1 1 1 1 1 1 1 1 1 1 1 1 1 1 
1 1 1 1 1 1 1 1 1 1 1 1 1 1 1 
1 1 1 1 1 1 1 1 1 1 1 1 1 1 1 
1 1 1 1 1 1 1 1 1 1 1 1 1 1 1 
1 1 1 1 1 1 1 1 1 1 1 1 1 1 1 
1 1 1 1 1 1 1 1 1 1 1 1 1 1 1 
1 1 1 1 1 1 1 1 1 1 1 1 1 1 1 
1 1 1 1 1 1 1 1 1 1 1 1 1 1 1 
1 1 1 1 1 1 1 1 1 1 1 1 1 1 1 
1 1 1 1 1 1 1 1 1 1 1 1 1 1 1 
plexiglasswalls
8.75 3.85	8.75 1.75
8.75 8.05	6.65 8.05
9.45 8.05	9.45 10.15
7.35 2.45	7.35 4.55
3.85 1.05	1.75 1.05
5.95 9.45	8.05 9.45
6.65 6.65	8.75 6.65
5.25 2.45	3.15 2.45
7.35 7.35	9.45 7.35
4.55 5.95	4.55 3.85
2.45 3.85	2.45 1.75
8.05 5.95	5.95 5.95
5.95 3.15	3.85 3.15
1.05 5.95	1.05 8.05
9.45 2.45	9.45 4.55
3.85 8.05	3.85 5.95
5.95 6.65	3.85 6.65
5.25 8.05	5.25 10.15
8.05 1.75	8.05 3.85
1.75 3.85	1.75 1.75
endplex
boundarywalls
endbound
