R
0.7
2.0999999999999996
HV
15
15
1 1 1 1 1 1 1 1 1 1 1 1 1 1 1 
1 1 1 1 1 1 1 1 1 1 1 1 1 1 1 
1 1 1 1 1 1 1 1 1 1 1 1 1 1 1 
1 1 1 1 1 1 1 1 1 1 1 1 1 1 1 
1 1 1 1 1 1 1 1 1 1 1 1 1 1 1 
1 1 1 1 1 1 1 1 1 1 1 1 1 1 1 
1 1 1 1 1 1 1 1 1 1 1 1 1 1 1 
1 1 1 1 1 1 1 1 1 1 1 1 1 1 1 
1 1 1 1 1 1 1 1 1 1 1 1 1 1 1 
1 1 1 1 1 1 1 1 1 1 1 1 1 1 1 
1 1 1 1 1 1 1 1 1 1 1 1 1 1 1 
1 1 1 1 1 1 1 1 1 1 1 1 1 1 1 
1 1 1 1 1 1 1 1 1 1 1 1 1 1 1 
1 1 1 1 1 1 1 1 1 1 1 1 1 1 1 
1 1 1 1 1 1 1 1 1 1 1 1 1 1 1 
plexiglasswalls
1.75 3.15	3.85 3.15
6.65 8.75	6.65 6.65
1.05 3.15	1.05 1.05
1.05 6.65	1.05 8.75
1.75 8.05	1.75 10.15
7.35 5.95	5.25 5.95
5.25 8.05	3.15 8.05
3.85 2.45	5.95 2.45
8.05 7.35	8.05 5.25
2.45 4.55	0.35 4.55
7.35 4.55	5.25 4.55
6.65 2.45	8.75 2.45
8.75 5.25	8.75 7.35
8.75 3.85	6.65 3.85
2.45 8.75	2.45 6.65
8.75 3.15	6.65 3.15
4.55 5.25	2.45 5.25
5.25 3.85	3.15 3.85
7.35 9.45	9.45 9.45
3.15 7.35	5.25 7.35
endplex
boundarywalls
endbound
