R
0.7
1.4
HV
15
15
1 1 1 1 1 1 1 1 1 1 1 1 1 1 1 
1 1 1 1 1 1 1 1 1 1 1 1 1 1 1 
1 1 1 1 1 1 1 1 1 1 1 1 1 1 1 
1 1 1 1 1 1 1 1 1 1 1 1 1 1 1 
1 1 1 1 1 1 1 1 1 1 1 1 1 1 1 
1 1 1 1 1 1 1 1 1 1 1 1 1 1 1 
1 1 1 1 1 1 1 1 1 1 1 1 1 1 1 
1 1 1 1 1 1 1 1 1 1 1 1 1 1 1 
1 1 1 1 1 1 1 1 1 1 1 1 1 1 1 
1 1 1 1 1 1 1 1 1 1 1 1 1 1 1 
1 1 1 1 1 1 1 1 1 1 1 1 1 1 1 
1 1 1 1 1 1 1 1 1 1 1 1 1 1 1 
1 1 1 1 1 1 1 1 1 1 1 1 1 1 1 
1 1 1 1 1 1 1 1 1 1 1 1 1 1 1 
1 1 1 1 1 1 1 1 1 1 1 1 1 1 1 
plexiglasswalls
3.15 9.45	1.75 9.45
7.35 8.05	7.35 9.45
6.65 6.65	8.05 6.65
2.45 6.65	3.85 6.65
3.85 8.75	2.45 8.75
4.55 8.05	4.55 6.65
3.15 8.05	3.15 6.65
8.05 5.95	8.05 7.35
5.25 1.75	5.25 3.15
3.85 1.75	3.85 0.35
5.25 5.95	3.85 5.95
8.05 1.05	6.65 1.05
2.45 4.55	2.45 3.15
4.55 3.85	4.55 2.45
6.65 3.85	8.05 3.85
9.45 4.55	9.45 5.95
1.75 1.75	0.35 1.75
1.05 5.95	2.45 5.95
2.45 1.75	2.45 0.35
8.75 1.05	10.15 1.05
endplex
boundarywalls
endbound
