R
0.7
1.4
HV
15
15
1 1 1 1 1 1 1 1 1 1 1 1 1 1 1 
1 1 1 1 1 1 1 1 1 1 1 1 1 1 1 
1 1 1 1 1 1 1 1 1 1 1 1 1 1 1 
1 1 1 1 1 1 1 1 1 1 1 1 1 1 1 
1 1 1 1 1 1 1 1 1 1 1 1 1 1 1 
1 1 1 1 1 1 1 1 1 1 1 1 1 1 1 
1 1 1 1 1 1 1 1 1 1 1 1 1 1 1 
1 1 1 1 1 1 1 1 1 1 1 1 1 1 1 
1 1 1 1 1 1 1 1 1 1 1 1 1 1 1 
1 1 1 1 1 1 1 1 1 1 1 1 1 1 1 
1 1 1 1 1 1 1 1 1 1 1 1 1 1 1 
1 1 1 1 1 1 1 1 1 1 1 1 1 1 1 
1 1 1 1 1 1 1 1 1 1 1 1 1 1 1 
1 1 1 1 1 1 1 1 1 1 1 1 1 1 1 
1 1 1 1 1 1 1 1 1 1 1 1 1 1 1 
plexiglasswalls
5.95 4.55	7.35 4.55
3.15 5.95	3.15 4.55
5.25 8.05	6.65 8.05
8.75 1.05	10.15 1.05
6.65 7.35	8.05 7.35
1.05 5.25	1.05 6.65
3.85 8.05	2.45 8.05
1.75 2.45	0.35 2.45
9.45 3.85	8.05 3.85
2.45 1.05	3.85 1.05
5.95 9.45	4.55 9.45
4.55 8.75	3.15 8.75
5.95 5.25	4.55 5.25
1.75 3.15	1.75 4.55
7.35 6.65	8.75 6.65
8.05 3.15	9.45 3.15
2.45 5.95	2.45 4.55
4.55 6.65	5.95 6.65
1.05 1.75	1.05 0.35
5.95 1.75	4.55 1.75
endplex
boundarywalls
endbound
