R
0.7
2.0999999999999996
HV
15
15
1 1 1 1 1 1 1 1 1 1 1 1 1 1 1 
1 1 1 1 1 1 1 1 1 1 1 1 1 1 1 
1 1 1 1 1 1 1 1 1 1 1 1 1 1 1 
1 1 1 1 1 1 1 1 1 1 1 1 1 1 1 
1 1 1 1 1 1 1 1 1 1 1 1 1 1 1 
1 1 1 1 1 1 1 1 1 1 1 1 1 1 1 
1 1 1 1 1 1 1 1 1 1 1 1 1 1 1 
1 1 1 1 1 1 1 1 1 1 1 1 1 1 1 
1 1 1 1 1 1 1 1 1 1 1 1 1 1 1 
1 1 1 1 1 1 1 1 1 1 1 1 1 1 1 
1 1 1 1 1 1 1 1 1 1 1 1 1 1 1 
1 1 1 1 1 1 1 1 1 1 1 1 1 1 1 
1 1 1 1 1 1 1 1 1 1 1 1 1 1 1 
1 1 1 1 1 1 1 1 1 1 1 1 1 1 1 
1 1 1 1 1 1 1 1 1 1 1 1 1 1 1 
plexiglasswalls
6.65 1.05	6.65 3.15
8.75 8.05	8.75 5.95
3.15 5.95	3.15 3.85
7.35 9.45	5.25 9.45
4.55 3.85	6.65 3.85
7.35 4.55	7.35 2.45
3.85 8.05	3.85 10.15
3.85 1.05	5.95 1.05
7.35 1.75	9.45 1.75
3.15 6.65	5.25 6.65
1.05 4.55	1.05 2.45
9.45 9.45	9.45 7.35
5.25 3.15	3.15 3.15
1.05 8.05	1.05 10.15
5.95 8.05	5.95 5.95
5.95 8.75	8.05 8.75
6.65 5.95	4.55 5.95
3.85 5.25	5.95 5.25
8.05 5.95	10.15 5.95
3.85 1.75	1.75 1.75
endplex
boundarywalls
endbound
