R
0.7
1.4
HV
15
15
1 1 1 1 1 1 1 1 1 1 1 1 1 1 1 
1 1 1 1 1 1 1 1 1 1 1 1 1 1 1 
1 1 1 1 1 1 1 1 1 1 1 1 1 1 1 
1 1 1 1 1 1 1 1 1 1 1 1 1 1 1 
1 1 1 1 1 1 1 1 1 1 1 1 1 1 1 
1 1 1 1 1 1 1 1 1 1 1 1 1 1 1 
1 1 1 1 1 1 1 1 1 1 1 1 1 1 1 
1 1 1 1 1 1 1 1 1 1 1 1 1 1 1 
1 1 1 1 1 1 1 1 1 1 1 1 1 1 1 
1 1 1 1 1 1 1 1 1 1 1 1 1 1 1 
1 1 1 1 1 1 1 1 1 1 1 1 1 1 1 
1 1 1 1 1 1 1 1 1 1 1 1 1 1 1 
1 1 1 1 1 1 1 1 1 1 1 1 1 1 1 
1 1 1 1 1 1 1 1 1 1 1 1 1 1 1 
1 1 1 1 1 1 1 1 1 1 1 1 1 1 1 
plexiglasswalls
1.75 6.65	0.35 6.65
3.15 2.45	4.55 2.45
5.95 3.15	7.35 3.15
8.75 7.35	8.75 8.75
5.25 8.75	3.85 8.75
5.25 1.75	5.25 3.15
1.75 3.85	0.35 3.85
9.45 3.85	9.45 2.45
3.85 1.05	5.25 1.05
9.45 5.95	8.05 5.95
4.55 3.85	5.95 3.85
3.15 4.55	4.55 4.55
3.15 8.05	1.75 8.05
7.35 2.45	5.95 2.45
1.75 4.55	1.75 5.95
endplex
boundarywalls
endbound
