R
0.7
1.4
HV
15
15
1 1 1 1 1 1 1 1 1 1 1 1 1 1 1 
1 1 1 1 1 1 1 1 1 1 1 1 1 1 1 
1 1 1 1 1 1 1 1 1 1 1 1 1 1 1 
1 1 1 1 1 1 1 1 1 1 1 1 1 1 1 
1 1 1 1 1 1 1 1 1 1 1 1 1 1 1 
1 1 1 1 1 1 1 1 1 1 1 1 1 1 1 
1 1 1 1 1 1 1 1 1 1 1 1 1 1 1 
1 1 1 1 1 1 1 1 1 1 1 1 1 1 1 
1 1 1 1 1 1 1 1 1 1 1 1 1 1 1 
1 1 1 1 1 1 1 1 1 1 1 1 1 1 1 
1 1 1 1 1 1 1 1 1 1 1 1 1 1 1 
1 1 1 1 1 1 1 1 1 1 1 1 1 1 1 
1 1 1 1 1 1 1 1 1 1 1 1 1 1 1 
1 1 1 1 1 1 1 1 1 1 1 1 1 1 1 
1 1 1 1 1 1 1 1 1 1 1 1 1 1 1 
plexiglasswalls
1.75 4.55	3.15 4.55
5.25 8.75	3.85 8.75
8.05 4.55	9.45 4.55
5.25 6.65	3.85 6.65
3.85 2.45	5.25 2.45
5.95 1.05	5.95 2.45
1.05 6.65	1.05 8.05
5.25 8.05	6.65 8.05
7.35 8.75	7.35 7.35
1.75 5.25	3.15 5.25
6.65 9.45	5.25 9.45
5.95 6.65	5.95 8.05
2.45 9.45	1.05 9.45
9.45 3.85	8.05 3.85
3.15 1.75	4.55 1.75
7.35 3.15	7.35 4.55
1.75 7.35	3.15 7.35
3.15 9.45	3.15 8.05
8.75 8.75	10.15 8.75
2.45 5.95	3.85 5.95
endplex
boundarywalls
endbound
