R
0.7
1.4
HV
15
15
1 1 1 1 1 1 1 1 1 1 1 1 1 1 1 
1 1 1 1 1 1 1 1 1 1 1 1 1 1 1 
1 1 1 1 1 1 1 1 1 1 1 1 1 1 1 
1 1 1 1 1 1 1 1 1 1 1 1 1 1 1 
1 1 1 1 1 1 1 1 1 1 1 1 1 1 1 
1 1 1 1 1 1 1 1 1 1 1 1 1 1 1 
1 1 1 1 1 1 1 1 1 1 1 1 1 1 1 
1 1 1 1 1 1 1 1 1 1 1 1 1 1 1 
1 1 1 1 1 1 1 1 1 1 1 1 1 1 1 
1 1 1 1 1 1 1 1 1 1 1 1 1 1 1 
1 1 1 1 1 1 1 1 1 1 1 1 1 1 1 
1 1 1 1 1 1 1 1 1 1 1 1 1 1 1 
1 1 1 1 1 1 1 1 1 1 1 1 1 1 1 
1 1 1 1 1 1 1 1 1 1 1 1 1 1 1 
1 1 1 1 1 1 1 1 1 1 1 1 1 1 1 
plexiglasswalls
1.75 2.45	1.75 3.85
5.25 1.75	5.25 3.15
5.25 3.85	3.85 3.85
2.45 6.65	3.85 6.65
2.45 5.25	1.05 5.25
8.75 3.15	8.75 4.55
7.35 9.45	5.95 9.45
3.85 1.75	3.85 0.35
5.95 8.75	4.55 8.75
8.75 8.75	10.15 8.75
9.45 3.15	9.45 4.55
8.75 8.05	7.35 8.05
8.05 5.95	6.65 5.95
6.65 1.75	6.65 0.35
2.45 8.75	2.45 7.35
endplex
boundarywalls
endbound
