R
0.7
0.7
HV
15
15
1 1 1 1 1 1 1 1 1 1 1 1 1 1 1 
1 1 1 1 1 1 1 1 1 1 1 1 1 1 1 
1 1 1 1 1 1 1 1 1 1 1 1 1 1 1 
1 1 1 1 1 1 1 1 1 1 1 1 1 1 1 
1 1 1 1 1 1 1 1 1 1 1 1 1 1 1 
1 1 1 1 1 1 1 1 1 1 1 1 1 1 1 
1 1 1 1 1 1 1 1 1 1 1 1 1 1 1 
1 1 1 1 1 1 1 1 1 1 1 1 1 1 1 
1 1 1 1 1 1 1 1 1 1 1 1 1 1 1 
1 1 1 1 1 1 1 1 1 1 1 1 1 1 1 
1 1 1 1 1 1 1 1 1 1 1 1 1 1 1 
1 1 1 1 1 1 1 1 1 1 1 1 1 1 1 
1 1 1 1 1 1 1 1 1 1 1 1 1 1 1 
1 1 1 1 1 1 1 1 1 1 1 1 1 1 1 
1 1 1 1 1 1 1 1 1 1 1 1 1 1 1 
plexiglasswalls
1.05 5.95	1.05 6.65
5.95 4.55	6.65 4.55
7.35 3.15	7.35 3.85
9.45 7.35	9.45 6.65
5.95 1.75	6.65 1.75
2.45 1.05	1.75 1.05
1.75 7.35	2.45 7.35
3.85 7.35	3.85 8.05
4.55 3.85	3.85 3.85
8.75 8.75	8.75 9.45
7.35 6.65	7.35 5.95
7.35 7.35	6.65 7.35
3.15 5.95	3.85 5.95
8.05 1.75	8.05 1.05
5.25 8.75	5.25 9.45
endplex
boundarywalls
endbound
