R
0.7
2.8
HV
15
15
1 1 1 1 1 1 1 1 1 1 1 1 1 1 1 
1 1 1 1 1 1 1 1 1 1 1 1 1 1 1 
1 1 1 1 1 1 1 1 1 1 1 1 1 1 1 
1 1 1 1 1 1 1 1 1 1 1 1 1 1 1 
1 1 1 1 1 1 1 1 1 1 1 1 1 1 1 
1 1 1 1 1 1 1 1 1 1 1 1 1 1 1 
1 1 1 1 1 1 1 1 1 1 1 1 1 1 1 
1 1 1 1 1 1 1 1 1 1 1 1 1 1 1 
1 1 1 1 1 1 1 1 1 1 1 1 1 1 1 
1 1 1 1 1 1 1 1 1 1 1 1 1 1 1 
1 1 1 1 1 1 1 1 1 1 1 1 1 1 1 
1 1 1 1 1 1 1 1 1 1 1 1 1 1 1 
1 1 1 1 1 1 1 1 1 1 1 1 1 1 1 
1 1 1 1 1 1 1 1 1 1 1 1 1 1 1 
1 1 1 1 1 1 1 1 1 1 1 1 1 1 1 
plexiglasswalls
4.55 6.65	4.55 3.85
1.05 8.05	1.05 5.25
3.85 8.75	6.65 8.75
8.05 1.75	5.25 1.75
4.55 3.15	7.35 3.15
3.85 1.75	1.05 1.75
6.65 5.25	6.65 8.05
5.25 1.05	8.05 1.05
1.75 5.95	1.75 8.75
5.25 3.85	5.25 6.65
3.85 3.15	3.85 5.95
8.75 8.05	8.75 5.25
1.05 3.15	1.05 0.35
4.55 2.45	7.35 2.45
5.95 4.55	8.75 4.55
endplex
boundarywalls
endbound
