R
0.7
2.0999999999999996
HV
15
15
1 1 1 1 1 1 1 1 1 1 1 1 1 1 1 
1 1 1 1 1 1 1 1 1 1 1 1 1 1 1 
1 1 1 1 1 1 1 1 1 1 1 1 1 1 1 
1 1 1 1 1 1 1 1 1 1 1 1 1 1 1 
1 1 1 1 1 1 1 1 1 1 1 1 1 1 1 
1 1 1 1 1 1 1 1 1 1 1 1 1 1 1 
1 1 1 1 1 1 1 1 1 1 1 1 1 1 1 
1 1 1 1 1 1 1 1 1 1 1 1 1 1 1 
1 1 1 1 1 1 1 1 1 1 1 1 1 1 1 
1 1 1 1 1 1 1 1 1 1 1 1 1 1 1 
1 1 1 1 1 1 1 1 1 1 1 1 1 1 1 
1 1 1 1 1 1 1 1 1 1 1 1 1 1 1 
1 1 1 1 1 1 1 1 1 1 1 1 1 1 1 
1 1 1 1 1 1 1 1 1 1 1 1 1 1 1 
1 1 1 1 1 1 1 1 1 1 1 1 1 1 1 
plexiglasswalls
8.75 2.45	6.65 2.45
1.05 1.05	1.05 3.15
7.35 8.05	9.45 8.05
8.75 3.15	6.65 3.15
5.25 7.35	5.25 5.25
4.55 9.45	2.45 9.45
7.35 8.75	5.25 8.75
5.95 2.45	5.95 4.55
5.95 1.75	3.85 1.75
9.45 5.95	7.35 5.95
6.65 1.75	8.75 1.75
4.55 7.35	4.55 5.25
7.35 9.45	9.45 9.45
3.15 7.35	3.15 5.25
5.25 1.05	3.15 1.05
1.75 8.05	1.75 5.95
6.65 5.25	8.75 5.25
2.45 8.05	4.55 8.05
5.95 8.05	5.95 5.95
5.25 3.15	3.15 3.15
endplex
boundarywalls
endbound
