R
0.7
2.8
HV
15
15
1 1 1 1 1 1 1 1 1 1 1 1 1 1 1 
1 1 1 1 1 1 1 1 1 1 1 1 1 1 1 
1 1 1 1 1 1 1 1 1 1 1 1 1 1 1 
1 1 1 1 1 1 1 1 1 1 1 1 1 1 1 
1 1 1 1 1 1 1 1 1 1 1 1 1 1 1 
1 1 1 1 1 1 1 1 1 1 1 1 1 1 1 
1 1 1 1 1 1 1 1 1 1 1 1 1 1 1 
1 1 1 1 1 1 1 1 1 1 1 1 1 1 1 
1 1 1 1 1 1 1 1 1 1 1 1 1 1 1 
1 1 1 1 1 1 1 1 1 1 1 1 1 1 1 
1 1 1 1 1 1 1 1 1 1 1 1 1 1 1 
1 1 1 1 1 1 1 1 1 1 1 1 1 1 1 
1 1 1 1 1 1 1 1 1 1 1 1 1 1 1 
1 1 1 1 1 1 1 1 1 1 1 1 1 1 1 
1 1 1 1 1 1 1 1 1 1 1 1 1 1 1 
plexiglasswalls
8.75 6.65	5.95 6.65
2.45 1.05	2.45 3.85
6.65 5.25	3.85 5.25
3.15 8.05	5.95 8.05
1.75 5.95	1.75 3.15
2.45 9.45	2.45 6.65
7.35 5.25	10.15 5.25
3.85 6.65	3.85 3.85
1.05 1.75	1.05 4.55
5.25 1.75	5.25 4.55
5.25 8.75	8.05 8.75
5.95 4.55	5.95 1.75
9.45 5.95	9.45 8.75
6.65 3.15	6.65 0.35
1.05 8.05	1.05 5.25
endplex
boundarywalls
endbound
