R
0.7
2.8
HV
15
15
1 1 1 1 1 1 1 1 1 1 1 1 1 1 1 
1 1 1 1 1 1 1 1 1 1 1 1 1 1 1 
1 1 1 1 1 1 1 1 1 1 1 1 1 1 1 
1 1 1 1 1 1 1 1 1 1 1 1 1 1 1 
1 1 1 1 1 1 1 1 1 1 1 1 1 1 1 
1 1 1 1 1 1 1 1 1 1 1 1 1 1 1 
1 1 1 1 1 1 1 1 1 1 1 1 1 1 1 
1 1 1 1 1 1 1 1 1 1 1 1 1 1 1 
1 1 1 1 1 1 1 1 1 1 1 1 1 1 1 
1 1 1 1 1 1 1 1 1 1 1 1 1 1 1 
1 1 1 1 1 1 1 1 1 1 1 1 1 1 1 
1 1 1 1 1 1 1 1 1 1 1 1 1 1 1 
1 1 1 1 1 1 1 1 1 1 1 1 1 1 1 
1 1 1 1 1 1 1 1 1 1 1 1 1 1 1 
1 1 1 1 1 1 1 1 1 1 1 1 1 1 1 
plexiglasswalls
1.75 3.15	1.75 0.35
1.05 5.25	3.85 5.25
8.05 8.75	8.05 5.95
7.35 9.45	4.55 9.45
3.85 1.05	3.85 3.85
5.25 3.15	8.05 3.15
5.95 5.25	8.75 5.25
6.65 4.55	9.45 4.55
2.45 5.95	2.45 8.75
2.45 3.15	2.45 0.35
5.25 5.25	5.25 2.45
3.15 1.05	3.15 3.85
3.15 4.55	0.35 4.55
3.85 8.75	6.65 8.75
8.75 8.75	8.75 5.95
endplex
boundarywalls
endbound
