R
0.7
2.0999999999999996
HV
15
15
1 1 1 1 1 1 1 1 1 1 1 1 1 1 1 
1 1 1 1 1 1 1 1 1 1 1 1 1 1 1 
1 1 1 1 1 1 1 1 1 1 1 1 1 1 1 
1 1 1 1 1 1 1 1 1 1 1 1 1 1 1 
1 1 1 1 1 1 1 1 1 1 1 1 1 1 1 
1 1 1 1 1 1 1 1 1 1 1 1 1 1 1 
1 1 1 1 1 1 1 1 1 1 1 1 1 1 1 
1 1 1 1 1 1 1 1 1 1 1 1 1 1 1 
1 1 1 1 1 1 1 1 1 1 1 1 1 1 1 
1 1 1 1 1 1 1 1 1 1 1 1 1 1 1 
1 1 1 1 1 1 1 1 1 1 1 1 1 1 1 
1 1 1 1 1 1 1 1 1 1 1 1 1 1 1 
1 1 1 1 1 1 1 1 1 1 1 1 1 1 1 
1 1 1 1 1 1 1 1 1 1 1 1 1 1 1 
1 1 1 1 1 1 1 1 1 1 1 1 1 1 1 
plexiglasswalls
3.85 3.85	3.85 1.75
3.85 6.65	1.75 6.65
2.45 4.55	0.35 4.55
5.25 1.05	7.35 1.05
7.35 5.25	7.35 3.15
8.05 1.05	8.05 3.15
5.25 5.25	5.25 3.15
8.05 8.75	8.05 6.65
5.95 2.45	5.95 4.55
4.55 7.35	4.55 9.45
5.95 7.35	5.95 5.25
9.45 3.85	9.45 5.95
1.05 3.85	1.05 1.75
3.15 8.05	1.05 8.05
1.75 2.45	1.75 0.35
endplex
boundarywalls
endbound
