R
0.7
1.4
HV
15
15
1 1 1 1 1 1 1 1 1 1 1 1 1 1 1 
1 1 1 1 1 1 1 1 1 1 1 1 1 1 1 
1 1 1 1 1 1 1 1 1 1 1 1 1 1 1 
1 1 1 1 1 1 1 1 1 1 1 1 1 1 1 
1 1 1 1 1 1 1 1 1 1 1 1 1 1 1 
1 1 1 1 1 1 1 1 1 1 1 1 1 1 1 
1 1 1 1 1 1 1 1 1 1 1 1 1 1 1 
1 1 1 1 1 1 1 1 1 1 1 1 1 1 1 
1 1 1 1 1 1 1 1 1 1 1 1 1 1 1 
1 1 1 1 1 1 1 1 1 1 1 1 1 1 1 
1 1 1 1 1 1 1 1 1 1 1 1 1 1 1 
1 1 1 1 1 1 1 1 1 1 1 1 1 1 1 
1 1 1 1 1 1 1 1 1 1 1 1 1 1 1 
1 1 1 1 1 1 1 1 1 1 1 1 1 1 1 
1 1 1 1 1 1 1 1 1 1 1 1 1 1 1 
plexiglasswalls
1.05 1.05	2.45 1.05
1.75 3.15	3.15 3.15
1.75 5.25	3.15 5.25
1.05 3.15	1.05 1.75
5.25 3.15	3.85 3.15
8.75 6.65	7.35 6.65
8.75 1.05	10.15 1.05
5.25 6.65	5.25 8.05
8.75 7.35	7.35 7.35
5.95 1.05	4.55 1.05
2.45 2.45	3.85 2.45
3.85 5.95	2.45 5.95
7.35 5.95	7.35 4.55
1.75 8.05	0.35 8.05
5.95 2.45	7.35 2.45
6.65 1.75	8.05 1.75
5.25 5.25	3.85 5.25
1.75 8.75	3.15 8.75
8.05 4.55	8.05 3.15
6.65 8.75	6.65 7.35
endplex
boundarywalls
endbound
