R
0.7
2.0999999999999996
HV
15
15
1 1 1 1 1 1 1 1 1 1 1 1 1 1 1 
1 1 1 1 1 1 1 1 1 1 1 1 1 1 1 
1 1 1 1 1 1 1 1 1 1 1 1 1 1 1 
1 1 1 1 1 1 1 1 1 1 1 1 1 1 1 
1 1 1 1 1 1 1 1 1 1 1 1 1 1 1 
1 1 1 1 1 1 1 1 1 1 1 1 1 1 1 
1 1 1 1 1 1 1 1 1 1 1 1 1 1 1 
1 1 1 1 1 1 1 1 1 1 1 1 1 1 1 
1 1 1 1 1 1 1 1 1 1 1 1 1 1 1 
1 1 1 1 1 1 1 1 1 1 1 1 1 1 1 
1 1 1 1 1 1 1 1 1 1 1 1 1 1 1 
1 1 1 1 1 1 1 1 1 1 1 1 1 1 1 
1 1 1 1 1 1 1 1 1 1 1 1 1 1 1 
1 1 1 1 1 1 1 1 1 1 1 1 1 1 1 
1 1 1 1 1 1 1 1 1 1 1 1 1 1 1 
plexiglasswalls
1.75 5.95	1.75 8.05
2.45 3.15	4.55 3.15
8.75 5.95	6.65 5.95
4.55 5.95	2.45 5.95
7.35 7.35	7.35 9.45
1.75 1.05	1.75 3.15
5.25 9.45	5.25 7.35
8.05 5.25	8.05 3.15
6.65 2.45	8.75 2.45
4.55 3.85	4.55 1.75
6.65 8.05	6.65 10.15
4.55 6.65	6.65 6.65
5.95 3.15	5.95 5.25
9.45 2.45	9.45 4.55
1.05 8.05	3.15 8.05
2.45 2.45	2.45 0.35
1.75 5.25	3.85 5.25
5.25 5.25	5.25 3.15
1.05 5.25	1.05 7.35
8.75 3.15	8.75 5.25
endplex
boundarywalls
endbound
