R
0.7
0.7
HV
15
15
1 1 1 1 1 1 1 1 1 1 1 1 1 1 1 
1 1 1 1 1 1 1 1 1 1 1 1 1 1 1 
1 1 1 1 1 1 1 1 1 1 1 1 1 1 1 
1 1 1 1 1 1 1 1 1 1 1 1 1 1 1 
1 1 1 1 1 1 1 1 1 1 1 1 1 1 1 
1 1 1 1 1 1 1 1 1 1 1 1 1 1 1 
1 1 1 1 1 1 1 1 1 1 1 1 1 1 1 
1 1 1 1 1 1 1 1 1 1 1 1 1 1 1 
1 1 1 1 1 1 1 1 1 1 1 1 1 1 1 
1 1 1 1 1 1 1 1 1 1 1 1 1 1 1 
1 1 1 1 1 1 1 1 1 1 1 1 1 1 1 
1 1 1 1 1 1 1 1 1 1 1 1 1 1 1 
1 1 1 1 1 1 1 1 1 1 1 1 1 1 1 
1 1 1 1 1 1 1 1 1 1 1 1 1 1 1 
1 1 1 1 1 1 1 1 1 1 1 1 1 1 1 
plexiglasswalls
3.15 1.75	3.85 1.75
6.65 3.85	6.65 4.55
6.65 2.45	6.65 3.15
8.05 6.65	8.05 5.95
1.75 5.25	1.75 5.95
4.55 3.85	4.55 3.15
9.45 5.25	9.45 4.55
1.05 4.55	0.35 4.55
8.75 6.65	8.75 5.95
4.55 1.05	4.55 1.75
1.05 8.75	1.05 9.45
5.25 7.35	5.25 6.65
8.75 1.05	9.45 1.05
9.45 3.85	10.15 3.85
3.15 8.75	2.45 8.75
7.35 8.75	7.35 9.45
3.85 8.05	3.85 7.35
7.35 3.85	8.05 3.85
9.45 1.75	8.75 1.75
4.55 5.95	4.55 5.25
endplex
boundarywalls
endbound
