R
0.7
2.0999999999999996
HV
15
15
1 1 1 1 1 1 1 1 1 1 1 1 1 1 1 
1 1 1 1 1 1 1 1 1 1 1 1 1 1 1 
1 1 1 1 1 1 1 1 1 1 1 1 1 1 1 
1 1 1 1 1 1 1 1 1 1 1 1 1 1 1 
1 1 1 1 1 1 1 1 1 1 1 1 1 1 1 
1 1 1 1 1 1 1 1 1 1 1 1 1 1 1 
1 1 1 1 1 1 1 1 1 1 1 1 1 1 1 
1 1 1 1 1 1 1 1 1 1 1 1 1 1 1 
1 1 1 1 1 1 1 1 1 1 1 1 1 1 1 
1 1 1 1 1 1 1 1 1 1 1 1 1 1 1 
1 1 1 1 1 1 1 1 1 1 1 1 1 1 1 
1 1 1 1 1 1 1 1 1 1 1 1 1 1 1 
1 1 1 1 1 1 1 1 1 1 1 1 1 1 1 
1 1 1 1 1 1 1 1 1 1 1 1 1 1 1 
1 1 1 1 1 1 1 1 1 1 1 1 1 1 1 
plexiglasswalls
1.05 2.45	3.15 2.45
8.05 1.75	5.95 1.75
3.85 4.55	1.75 4.55
4.55 1.75	4.55 3.85
7.35 6.65	9.45 6.65
7.35 5.25	7.35 3.15
5.25 4.55	5.25 2.45
9.45 5.95	7.35 5.95
9.45 7.35	9.45 9.45
5.95 5.95	5.95 3.85
5.95 2.45	5.95 0.35
5.25 6.65	5.25 8.75
1.05 6.65	1.05 4.55
3.85 9.45	1.75 9.45
9.45 2.45	9.45 0.35
endplex
boundarywalls
endbound
