R
0.7
2.8
HV
15
15
1 1 1 1 1 1 1 1 1 1 1 1 1 1 1 
1 1 1 1 1 1 1 1 1 1 1 1 1 1 1 
1 1 1 1 1 1 1 1 1 1 1 1 1 1 1 
1 1 1 1 1 1 1 1 1 1 1 1 1 1 1 
1 1 1 1 1 1 1 1 1 1 1 1 1 1 1 
1 1 1 1 1 1 1 1 1 1 1 1 1 1 1 
1 1 1 1 1 1 1 1 1 1 1 1 1 1 1 
1 1 1 1 1 1 1 1 1 1 1 1 1 1 1 
1 1 1 1 1 1 1 1 1 1 1 1 1 1 1 
1 1 1 1 1 1 1 1 1 1 1 1 1 1 1 
1 1 1 1 1 1 1 1 1 1 1 1 1 1 1 
1 1 1 1 1 1 1 1 1 1 1 1 1 1 1 
1 1 1 1 1 1 1 1 1 1 1 1 1 1 1 
1 1 1 1 1 1 1 1 1 1 1 1 1 1 1 
1 1 1 1 1 1 1 1 1 1 1 1 1 1 1 
plexiglasswalls
5.25 4.55	5.25 7.35
3.15 1.75	0.35 1.75
9.45 5.25	9.45 2.45
7.35 5.25	7.35 2.45
7.35 5.95	7.35 8.75
1.75 6.65	1.75 3.85
9.45 6.65	9.45 9.45
3.15 9.45	5.95 9.45
2.45 5.95	2.45 3.15
6.65 4.55	6.65 7.35
3.15 2.45	3.15 5.25
1.05 6.65	1.05 9.45
3.85 5.25	3.85 2.45
6.65 1.75	9.45 1.75
9.45 1.05	6.65 1.05
5.95 8.05	5.95 5.25
4.55 1.05	1.75 1.05
2.45 7.35	2.45 10.15
5.95 1.75	5.95 4.55
5.25 3.15	5.25 0.35
endplex
boundarywalls
endbound
