R
0.7
0.7
HV
15
15
1 1 1 1 1 1 1 1 1 1 1 1 1 1 1 
1 1 1 1 1 1 1 1 1 1 1 1 1 1 1 
1 1 1 1 1 1 1 1 1 1 1 1 1 1 1 
1 1 1 1 1 1 1 1 1 1 1 1 1 1 1 
1 1 1 1 1 1 1 1 1 1 1 1 1 1 1 
1 1 1 1 1 1 1 1 1 1 1 1 1 1 1 
1 1 1 1 1 1 1 1 1 1 1 1 1 1 1 
1 1 1 1 1 1 1 1 1 1 1 1 1 1 1 
1 1 1 1 1 1 1 1 1 1 1 1 1 1 1 
1 1 1 1 1 1 1 1 1 1 1 1 1 1 1 
1 1 1 1 1 1 1 1 1 1 1 1 1 1 1 
1 1 1 1 1 1 1 1 1 1 1 1 1 1 1 
1 1 1 1 1 1 1 1 1 1 1 1 1 1 1 
1 1 1 1 1 1 1 1 1 1 1 1 1 1 1 
1 1 1 1 1 1 1 1 1 1 1 1 1 1 1 
plexiglasswalls
8.05 1.05	8.05 0.35
2.45 2.45	1.75 2.45
8.75 9.45	8.05 9.45
8.05 1.75	8.05 2.45
1.05 9.45	1.05 10.15
9.45 1.75	9.45 1.05
8.05 5.25	8.05 5.95
1.75 5.95	2.45 5.95
5.95 1.05	5.95 1.75
5.25 3.85	5.95 3.85
8.75 4.55	8.05 4.55
2.45 4.55	1.75 4.55
5.25 1.05	5.25 0.35
7.35 3.85	7.35 4.55
5.95 6.65	5.95 7.35
endplex
boundarywalls
endbound
