R
0.7
0.7
HV
15
15
1 1 1 1 1 1 1 1 1 1 1 1 1 1 1 
1 1 1 1 1 1 1 1 1 1 1 1 1 1 1 
1 1 1 1 1 1 1 1 1 1 1 1 1 1 1 
1 1 1 1 1 1 1 1 1 1 1 1 1 1 1 
1 1 1 1 1 1 1 1 1 1 1 1 1 1 1 
1 1 1 1 1 1 1 1 1 1 1 1 1 1 1 
1 1 1 1 1 1 1 1 1 1 1 1 1 1 1 
1 1 1 1 1 1 1 1 1 1 1 1 1 1 1 
1 1 1 1 1 1 1 1 1 1 1 1 1 1 1 
1 1 1 1 1 1 1 1 1 1 1 1 1 1 1 
1 1 1 1 1 1 1 1 1 1 1 1 1 1 1 
1 1 1 1 1 1 1 1 1 1 1 1 1 1 1 
1 1 1 1 1 1 1 1 1 1 1 1 1 1 1 
1 1 1 1 1 1 1 1 1 1 1 1 1 1 1 
1 1 1 1 1 1 1 1 1 1 1 1 1 1 1 
plexiglasswalls
8.05 1.75	7.35 1.75
5.25 2.45	4.55 2.45
3.15 5.95	3.85 5.95
3.85 4.55	3.15 4.55
8.05 3.15	8.05 3.85
8.05 5.95	8.05 6.65
5.95 5.95	5.95 6.65
5.25 1.05	5.25 1.75
9.45 5.25	9.45 5.95
4.55 1.05	4.55 1.75
1.05 4.55	0.35 4.55
7.35 3.85	6.65 3.85
6.65 4.55	7.35 4.55
1.75 7.35	2.45 7.35
6.65 1.75	6.65 2.45
endplex
boundarywalls
endbound
