R
0.7
2.8
HV
15
15
1 1 1 1 1 1 1 1 1 1 1 1 1 1 1 
1 1 1 1 1 1 1 1 1 1 1 1 1 1 1 
1 1 1 1 1 1 1 1 1 1 1 1 1 1 1 
1 1 1 1 1 1 1 1 1 1 1 1 1 1 1 
1 1 1 1 1 1 1 1 1 1 1 1 1 1 1 
1 1 1 1 1 1 1 1 1 1 1 1 1 1 1 
1 1 1 1 1 1 1 1 1 1 1 1 1 1 1 
1 1 1 1 1 1 1 1 1 1 1 1 1 1 1 
1 1 1 1 1 1 1 1 1 1 1 1 1 1 1 
1 1 1 1 1 1 1 1 1 1 1 1 1 1 1 
1 1 1 1 1 1 1 1 1 1 1 1 1 1 1 
1 1 1 1 1 1 1 1 1 1 1 1 1 1 1 
1 1 1 1 1 1 1 1 1 1 1 1 1 1 1 
1 1 1 1 1 1 1 1 1 1 1 1 1 1 1 
1 1 1 1 1 1 1 1 1 1 1 1 1 1 1 
plexiglasswalls
5.25 5.25	2.45 5.25
1.05 3.85	1.05 1.05
6.65 1.75	3.85 1.75
7.35 9.45	10.15 9.45
8.75 8.05	5.95 8.05
8.75 1.05	5.95 1.05
5.25 7.35	5.25 10.15
6.65 8.75	9.45 8.75
3.15 3.85	5.95 3.85
2.45 8.75	2.45 5.95
8.05 5.95	5.25 5.95
7.35 5.25	10.15 5.25
1.75 5.95	4.55 5.95
1.75 4.55	4.55 4.55
8.05 1.75	8.05 4.55
3.85 3.15	3.85 0.35
1.05 9.45	3.85 9.45
2.45 3.85	2.45 1.05
2.45 6.65	5.25 6.65
1.75 3.15	1.75 0.35
endplex
boundarywalls
endbound
