R
0.7
0.7
HV
15
15
1 1 1 1 1 1 1 1 1 1 1 1 1 1 1 
1 1 1 1 1 1 1 1 1 1 1 1 1 1 1 
1 1 1 1 1 1 1 1 1 1 1 1 1 1 1 
1 1 1 1 1 1 1 1 1 1 1 1 1 1 1 
1 1 1 1 1 1 1 1 1 1 1 1 1 1 1 
1 1 1 1 1 1 1 1 1 1 1 1 1 1 1 
1 1 1 1 1 1 1 1 1 1 1 1 1 1 1 
1 1 1 1 1 1 1 1 1 1 1 1 1 1 1 
1 1 1 1 1 1 1 1 1 1 1 1 1 1 1 
1 1 1 1 1 1 1 1 1 1 1 1 1 1 1 
1 1 1 1 1 1 1 1 1 1 1 1 1 1 1 
1 1 1 1 1 1 1 1 1 1 1 1 1 1 1 
1 1 1 1 1 1 1 1 1 1 1 1 1 1 1 
1 1 1 1 1 1 1 1 1 1 1 1 1 1 1 
1 1 1 1 1 1 1 1 1 1 1 1 1 1 1 
plexiglasswalls
3.15 5.95	3.85 5.95
5.95 7.35	5.95 6.65
3.15 1.75	3.15 2.45
7.35 9.45	8.05 9.45
6.65 1.05	5.95 1.05
4.55 2.45	3.85 2.45
6.65 3.85	7.35 3.85
6.65 3.15	6.65 2.45
1.75 7.35	2.45 7.35
6.65 8.75	5.95 8.75
1.05 1.05	1.05 1.75
2.45 9.45	2.45 10.15
5.95 2.45	5.95 1.75
4.55 1.05	4.55 0.35
7.35 1.75	7.35 1.05
1.75 3.85	1.75 4.55
2.45 3.15	2.45 3.85
5.25 1.75	5.25 1.05
5.95 8.05	6.65 8.05
1.75 2.45	2.45 2.45
endplex
boundarywalls
endbound
