R
0.7
0.7
HV
15
15
1 1 1 1 1 1 1 1 1 1 1 1 1 1 1 
1 1 1 1 1 1 1 1 1 1 1 1 1 1 1 
1 1 1 1 1 1 1 1 1 1 1 1 1 1 1 
1 1 1 1 1 1 1 1 1 1 1 1 1 1 1 
1 1 1 1 1 1 1 1 1 1 1 1 1 1 1 
1 1 1 1 1 1 1 1 1 1 1 1 1 1 1 
1 1 1 1 1 1 1 1 1 1 1 1 1 1 1 
1 1 1 1 1 1 1 1 1 1 1 1 1 1 1 
1 1 1 1 1 1 1 1 1 1 1 1 1 1 1 
1 1 1 1 1 1 1 1 1 1 1 1 1 1 1 
1 1 1 1 1 1 1 1 1 1 1 1 1 1 1 
1 1 1 1 1 1 1 1 1 1 1 1 1 1 1 
1 1 1 1 1 1 1 1 1 1 1 1 1 1 1 
1 1 1 1 1 1 1 1 1 1 1 1 1 1 1 
1 1 1 1 1 1 1 1 1 1 1 1 1 1 1 
plexiglasswalls
8.75 1.75	8.75 1.05
3.15 8.05	2.45 8.05
5.25 4.55	5.95 4.55
3.85 5.25	3.15 5.25
4.55 5.95	5.25 5.95
5.25 7.35	5.25 8.05
7.35 3.15	8.05 3.15
8.05 6.65	8.05 5.95
8.75 8.75	9.45 8.75
8.75 7.35	8.75 6.65
2.45 5.95	3.15 5.95
3.15 2.45	3.85 2.45
9.45 5.25	8.75 5.25
8.75 4.55	8.05 4.55
5.25 3.15	5.25 2.45
1.05 1.05	0.35 1.05
1.05 9.45	1.75 9.45
5.95 9.45	5.95 10.15
2.45 1.05	3.15 1.05
3.85 8.05	3.85 8.75
endplex
boundarywalls
endbound
