R
0.7
2.0999999999999996
HV
15
15
1 1 1 1 1 1 1 1 1 1 1 1 1 1 1 
1 1 1 1 1 1 1 1 1 1 1 1 1 1 1 
1 1 1 1 1 1 1 1 1 1 1 1 1 1 1 
1 1 1 1 1 1 1 1 1 1 1 1 1 1 1 
1 1 1 1 1 1 1 1 1 1 1 1 1 1 1 
1 1 1 1 1 1 1 1 1 1 1 1 1 1 1 
1 1 1 1 1 1 1 1 1 1 1 1 1 1 1 
1 1 1 1 1 1 1 1 1 1 1 1 1 1 1 
1 1 1 1 1 1 1 1 1 1 1 1 1 1 1 
1 1 1 1 1 1 1 1 1 1 1 1 1 1 1 
1 1 1 1 1 1 1 1 1 1 1 1 1 1 1 
1 1 1 1 1 1 1 1 1 1 1 1 1 1 1 
1 1 1 1 1 1 1 1 1 1 1 1 1 1 1 
1 1 1 1 1 1 1 1 1 1 1 1 1 1 1 
1 1 1 1 1 1 1 1 1 1 1 1 1 1 1 
plexiglasswalls
5.95 3.15	5.95 1.05
7.35 5.25	7.35 3.15
3.15 6.65	3.15 4.55
8.05 7.35	5.95 7.35
8.05 3.15	8.05 1.05
3.15 3.15	1.05 3.15
3.15 7.35	3.15 9.45
4.55 3.15	4.55 5.25
5.25 1.75	5.25 3.85
8.75 3.85	8.75 1.75
7.35 8.05	5.25 8.05
2.45 7.35	2.45 9.45
8.75 6.65	8.75 4.55
9.45 2.45	9.45 4.55
3.85 8.05	3.85 5.95
endplex
boundarywalls
endbound
