R
0.7
1.4
HV
15
15
1 1 1 1 1 1 1 1 1 1 1 1 1 1 1 
1 1 1 1 1 1 1 1 1 1 1 1 1 1 1 
1 1 1 1 1 1 1 1 1 1 1 1 1 1 1 
1 1 1 1 1 1 1 1 1 1 1 1 1 1 1 
1 1 1 1 1 1 1 1 1 1 1 1 1 1 1 
1 1 1 1 1 1 1 1 1 1 1 1 1 1 1 
1 1 1 1 1 1 1 1 1 1 1 1 1 1 1 
1 1 1 1 1 1 1 1 1 1 1 1 1 1 1 
1 1 1 1 1 1 1 1 1 1 1 1 1 1 1 
1 1 1 1 1 1 1 1 1 1 1 1 1 1 1 
1 1 1 1 1 1 1 1 1 1 1 1 1 1 1 
1 1 1 1 1 1 1 1 1 1 1 1 1 1 1 
1 1 1 1 1 1 1 1 1 1 1 1 1 1 1 
1 1 1 1 1 1 1 1 1 1 1 1 1 1 1 
1 1 1 1 1 1 1 1 1 1 1 1 1 1 1 
plexiglasswalls
8.75 5.25	10.15 5.25
5.95 6.65	7.35 6.65
6.65 5.25	6.65 3.85
8.05 7.35	8.05 5.95
3.85 4.55	3.85 5.95
1.05 3.85	1.05 5.25
6.65 1.75	6.65 3.15
3.15 1.75	3.15 0.35
7.35 5.95	7.35 4.55
6.65 7.35	6.65 8.75
3.15 2.45	3.15 3.85
7.35 9.45	8.75 9.45
4.55 8.05	3.15 8.05
2.45 8.05	2.45 9.45
3.85 7.35	5.25 7.35
3.85 1.75	3.85 0.35
4.55 2.45	5.95 2.45
3.15 7.35	1.75 7.35
5.95 8.75	5.95 7.35
7.35 1.05	5.95 1.05
endplex
boundarywalls
endbound
