R
0.7
1.4
HV
15
15
1 1 1 1 1 1 1 1 1 1 1 1 1 1 1 
1 1 1 1 1 1 1 1 1 1 1 1 1 1 1 
1 1 1 1 1 1 1 1 1 1 1 1 1 1 1 
1 1 1 1 1 1 1 1 1 1 1 1 1 1 1 
1 1 1 1 1 1 1 1 1 1 1 1 1 1 1 
1 1 1 1 1 1 1 1 1 1 1 1 1 1 1 
1 1 1 1 1 1 1 1 1 1 1 1 1 1 1 
1 1 1 1 1 1 1 1 1 1 1 1 1 1 1 
1 1 1 1 1 1 1 1 1 1 1 1 1 1 1 
1 1 1 1 1 1 1 1 1 1 1 1 1 1 1 
1 1 1 1 1 1 1 1 1 1 1 1 1 1 1 
1 1 1 1 1 1 1 1 1 1 1 1 1 1 1 
1 1 1 1 1 1 1 1 1 1 1 1 1 1 1 
1 1 1 1 1 1 1 1 1 1 1 1 1 1 1 
1 1 1 1 1 1 1 1 1 1 1 1 1 1 1 
plexiglasswalls
1.05 5.95	1.05 7.35
3.15 2.45	3.15 1.05
5.95 5.25	7.35 5.25
5.95 6.65	4.55 6.65
5.95 8.05	5.95 9.45
8.75 8.05	8.75 9.45
5.95 4.55	4.55 4.55
1.05 1.75	1.05 3.15
5.95 2.45	5.95 3.85
3.15 4.55	3.15 3.15
1.75 5.95	3.15 5.95
8.05 9.45	6.65 9.45
8.05 5.95	8.05 7.35
9.45 1.75	9.45 0.35
9.45 6.65	9.45 5.25
3.85 3.85	3.85 5.25
3.85 9.45	3.85 8.05
8.75 7.35	8.75 5.95
8.75 1.05	7.35 1.05
1.75 3.15	1.75 1.75
endplex
boundarywalls
endbound
