R
0.7
0.7
HV
15
15
1 1 1 1 1 1 1 1 1 1 1 1 1 1 1 
1 1 1 1 1 1 1 1 1 1 1 1 1 1 1 
1 1 1 1 1 1 1 1 1 1 1 1 1 1 1 
1 1 1 1 1 1 1 1 1 1 1 1 1 1 1 
1 1 1 1 1 1 1 1 1 1 1 1 1 1 1 
1 1 1 1 1 1 1 1 1 1 1 1 1 1 1 
1 1 1 1 1 1 1 1 1 1 1 1 1 1 1 
1 1 1 1 1 1 1 1 1 1 1 1 1 1 1 
1 1 1 1 1 1 1 1 1 1 1 1 1 1 1 
1 1 1 1 1 1 1 1 1 1 1 1 1 1 1 
1 1 1 1 1 1 1 1 1 1 1 1 1 1 1 
1 1 1 1 1 1 1 1 1 1 1 1 1 1 1 
1 1 1 1 1 1 1 1 1 1 1 1 1 1 1 
1 1 1 1 1 1 1 1 1 1 1 1 1 1 1 
1 1 1 1 1 1 1 1 1 1 1 1 1 1 1 
plexiglasswalls
9.45 3.15	9.45 3.85
8.75 8.75	9.45 8.75
8.05 3.85	8.75 3.85
5.95 3.85	5.25 3.85
2.45 1.05	1.75 1.05
4.55 8.05	4.55 8.75
8.75 7.35	9.45 7.35
8.05 4.55	8.05 5.25
2.45 3.85	2.45 4.55
8.05 5.95	8.05 6.65
6.65 1.75	6.65 1.05
1.75 4.55	1.05 4.55
8.75 6.65	9.45 6.65
1.05 8.75	1.05 9.45
2.45 9.45	2.45 10.15
endplex
boundarywalls
endbound
