R
0.7
2.0999999999999996
HV
15
15
1 1 1 1 1 1 1 1 1 1 1 1 1 1 1 
1 1 1 1 1 1 1 1 1 1 1 1 1 1 1 
1 1 1 1 1 1 1 1 1 1 1 1 1 1 1 
1 1 1 1 1 1 1 1 1 1 1 1 1 1 1 
1 1 1 1 1 1 1 1 1 1 1 1 1 1 1 
1 1 1 1 1 1 1 1 1 1 1 1 1 1 1 
1 1 1 1 1 1 1 1 1 1 1 1 1 1 1 
1 1 1 1 1 1 1 1 1 1 1 1 1 1 1 
1 1 1 1 1 1 1 1 1 1 1 1 1 1 1 
1 1 1 1 1 1 1 1 1 1 1 1 1 1 1 
1 1 1 1 1 1 1 1 1 1 1 1 1 1 1 
1 1 1 1 1 1 1 1 1 1 1 1 1 1 1 
1 1 1 1 1 1 1 1 1 1 1 1 1 1 1 
1 1 1 1 1 1 1 1 1 1 1 1 1 1 1 
1 1 1 1 1 1 1 1 1 1 1 1 1 1 1 
plexiglasswalls
6.65 3.85	4.55 3.85
3.15 5.25	1.05 5.25
7.35 4.55	7.35 6.65
3.15 8.75	5.25 8.75
4.55 2.45	4.55 0.35
1.75 9.45	3.85 9.45
1.05 8.75	1.05 6.65
1.75 7.35	1.75 5.25
8.05 8.05	5.95 8.05
8.05 3.15	8.05 1.05
1.05 3.15	3.15 3.15
8.75 8.05	8.75 5.95
3.85 5.25	3.85 3.15
1.05 8.05	3.15 8.05
5.25 9.45	7.35 9.45
2.45 5.95	2.45 8.05
1.05 4.55	1.05 2.45
3.15 1.75	1.05 1.75
8.75 2.45	8.75 0.35
8.05 3.85	8.05 5.95
endplex
boundarywalls
endbound
