R
0.7
0.7
HV
15
15
1 1 1 1 1 1 1 1 1 1 1 1 1 1 1 
1 1 1 1 1 1 1 1 1 1 1 1 1 1 1 
1 1 1 1 1 1 1 1 1 1 1 1 1 1 1 
1 1 1 1 1 1 1 1 1 1 1 1 1 1 1 
1 1 1 1 1 1 1 1 1 1 1 1 1 1 1 
1 1 1 1 1 1 1 1 1 1 1 1 1 1 1 
1 1 1 1 1 1 1 1 1 1 1 1 1 1 1 
1 1 1 1 1 1 1 1 1 1 1 1 1 1 1 
1 1 1 1 1 1 1 1 1 1 1 1 1 1 1 
1 1 1 1 1 1 1 1 1 1 1 1 1 1 1 
1 1 1 1 1 1 1 1 1 1 1 1 1 1 1 
1 1 1 1 1 1 1 1 1 1 1 1 1 1 1 
1 1 1 1 1 1 1 1 1 1 1 1 1 1 1 
1 1 1 1 1 1 1 1 1 1 1 1 1 1 1 
1 1 1 1 1 1 1 1 1 1 1 1 1 1 1 
plexiglasswalls
3.15 1.75	3.15 2.45
5.25 4.55	4.55 4.55
8.05 8.05	8.05 7.35
5.25 5.25	4.55 5.25
1.75 3.15	2.45 3.15
3.85 5.95	3.15 5.95
3.85 6.65	4.55 6.65
1.75 4.55	2.45 4.55
1.05 8.05	1.75 8.05
2.45 6.65	2.45 5.95
3.85 8.05	4.55 8.05
1.05 9.45	1.75 9.45
6.65 9.45	5.95 9.45
4.55 3.85	5.25 3.85
8.75 3.85	8.75 4.55
endplex
boundarywalls
endbound
