R
0.7
1.4
HV
15
15
1 1 1 1 1 1 1 1 1 1 1 1 1 1 1 
1 1 1 1 1 1 1 1 1 1 1 1 1 1 1 
1 1 1 1 1 1 1 1 1 1 1 1 1 1 1 
1 1 1 1 1 1 1 1 1 1 1 1 1 1 1 
1 1 1 1 1 1 1 1 1 1 1 1 1 1 1 
1 1 1 1 1 1 1 1 1 1 1 1 1 1 1 
1 1 1 1 1 1 1 1 1 1 1 1 1 1 1 
1 1 1 1 1 1 1 1 1 1 1 1 1 1 1 
1 1 1 1 1 1 1 1 1 1 1 1 1 1 1 
1 1 1 1 1 1 1 1 1 1 1 1 1 1 1 
1 1 1 1 1 1 1 1 1 1 1 1 1 1 1 
1 1 1 1 1 1 1 1 1 1 1 1 1 1 1 
1 1 1 1 1 1 1 1 1 1 1 1 1 1 1 
1 1 1 1 1 1 1 1 1 1 1 1 1 1 1 
1 1 1 1 1 1 1 1 1 1 1 1 1 1 1 
plexiglasswalls
1.75 1.05	3.15 1.05
2.45 3.15	2.45 4.55
4.55 5.25	4.55 6.65
1.05 8.75	1.05 7.35
1.05 9.45	2.45 9.45
7.35 6.65	7.35 8.05
3.15 6.65	3.15 5.25
3.85 8.05	5.25 8.05
6.65 3.85	6.65 2.45
3.15 7.35	3.15 8.75
7.35 1.75	7.35 0.35
9.45 1.05	8.05 1.05
7.35 8.75	7.35 10.15
2.45 7.35	2.45 8.75
9.45 7.35	8.05 7.35
endplex
boundarywalls
endbound
