R
0.7
0.7
HV
15
15
1 1 1 1 1 1 1 1 1 1 1 1 1 1 1 
1 1 1 1 1 1 1 1 1 1 1 1 1 1 1 
1 1 1 1 1 1 1 1 1 1 1 1 1 1 1 
1 1 1 1 1 1 1 1 1 1 1 1 1 1 1 
1 1 1 1 1 1 1 1 1 1 1 1 1 1 1 
1 1 1 1 1 1 1 1 1 1 1 1 1 1 1 
1 1 1 1 1 1 1 1 1 1 1 1 1 1 1 
1 1 1 1 1 1 1 1 1 1 1 1 1 1 1 
1 1 1 1 1 1 1 1 1 1 1 1 1 1 1 
1 1 1 1 1 1 1 1 1 1 1 1 1 1 1 
1 1 1 1 1 1 1 1 1 1 1 1 1 1 1 
1 1 1 1 1 1 1 1 1 1 1 1 1 1 1 
1 1 1 1 1 1 1 1 1 1 1 1 1 1 1 
1 1 1 1 1 1 1 1 1 1 1 1 1 1 1 
1 1 1 1 1 1 1 1 1 1 1 1 1 1 1 
plexiglasswalls
1.05 3.85	1.05 3.15
9.45 8.05	9.45 7.35
3.85 4.55	3.85 5.25
5.95 8.05	6.65 8.05
2.45 8.05	2.45 7.35
2.45 6.65	1.75 6.65
4.55 5.95	4.55 6.65
3.15 3.15	3.15 2.45
1.05 9.45	0.35 9.45
1.75 2.45	1.75 1.75
2.45 5.95	2.45 5.25
9.45 5.95	8.75 5.95
4.55 1.75	3.85 1.75
8.05 8.75	8.05 8.05
6.65 9.45	7.35 9.45
3.85 2.45	4.55 2.45
3.85 7.35	3.15 7.35
2.45 4.55	3.15 4.55
8.05 1.05	7.35 1.05
8.05 6.65	7.35 6.65
endplex
boundarywalls
endbound
