R
0.7
0.7
HV
15
15
1 1 1 1 1 1 1 1 1 1 1 1 1 1 1 
1 1 1 1 1 1 1 1 1 1 1 1 1 1 1 
1 1 1 1 1 1 1 1 1 1 1 1 1 1 1 
1 1 1 1 1 1 1 1 1 1 1 1 1 1 1 
1 1 1 1 1 1 1 1 1 1 1 1 1 1 1 
1 1 1 1 1 1 1 1 1 1 1 1 1 1 1 
1 1 1 1 1 1 1 1 1 1 1 1 1 1 1 
1 1 1 1 1 1 1 1 1 1 1 1 1 1 1 
1 1 1 1 1 1 1 1 1 1 1 1 1 1 1 
1 1 1 1 1 1 1 1 1 1 1 1 1 1 1 
1 1 1 1 1 1 1 1 1 1 1 1 1 1 1 
1 1 1 1 1 1 1 1 1 1 1 1 1 1 1 
1 1 1 1 1 1 1 1 1 1 1 1 1 1 1 
1 1 1 1 1 1 1 1 1 1 1 1 1 1 1 
1 1 1 1 1 1 1 1 1 1 1 1 1 1 1 
plexiglasswalls
8.75 9.45	8.75 8.75
1.05 3.15	1.05 2.45
6.65 2.45	7.35 2.45
3.85 9.45	3.85 10.15
1.05 8.05	1.05 8.75
5.25 1.05	5.25 0.35
1.75 8.05	1.75 8.75
4.55 5.25	4.55 5.95
3.85 6.65	4.55 6.65
7.35 5.25	7.35 5.95
9.45 1.75	8.75 1.75
1.75 3.85	2.45 3.85
9.45 8.05	9.45 7.35
5.25 3.85	5.95 3.85
1.75 9.45	1.05 9.45
endplex
boundarywalls
endbound
