R
0.7
0.7
HV
15
15
1 1 1 1 1 1 1 1 1 1 1 1 1 1 1 
1 1 1 1 1 1 1 1 1 1 1 1 1 1 1 
1 1 1 1 1 1 1 1 1 1 1 1 1 1 1 
1 1 1 1 1 1 1 1 1 1 1 1 1 1 1 
1 1 1 1 1 1 1 1 1 1 1 1 1 1 1 
1 1 1 1 1 1 1 1 1 1 1 1 1 1 1 
1 1 1 1 1 1 1 1 1 1 1 1 1 1 1 
1 1 1 1 1 1 1 1 1 1 1 1 1 1 1 
1 1 1 1 1 1 1 1 1 1 1 1 1 1 1 
1 1 1 1 1 1 1 1 1 1 1 1 1 1 1 
1 1 1 1 1 1 1 1 1 1 1 1 1 1 1 
1 1 1 1 1 1 1 1 1 1 1 1 1 1 1 
1 1 1 1 1 1 1 1 1 1 1 1 1 1 1 
1 1 1 1 1 1 1 1 1 1 1 1 1 1 1 
1 1 1 1 1 1 1 1 1 1 1 1 1 1 1 
plexiglasswalls
3.15 1.05	2.45 1.05
4.55 9.45	4.55 10.15
3.15 9.45	2.45 9.45
3.15 8.05	3.85 8.05
9.45 3.85	10.15 3.85
2.45 6.65	2.45 7.35
9.45 6.65	10.15 6.65
2.45 3.85	2.45 4.55
7.35 4.55	7.35 5.25
8.75 1.05	8.75 1.75
2.45 2.45	2.45 1.75
2.45 8.75	1.75 8.75
8.75 5.25	8.75 5.95
9.45 8.75	9.45 9.45
2.45 5.95	2.45 5.25
3.15 2.45	3.85 2.45
7.35 1.75	8.05 1.75
4.55 5.25	5.25 5.25
7.35 6.65	8.05 6.65
8.05 5.25	8.05 5.95
endplex
boundarywalls
endbound
