R
0.7
0.7
HV
15
15
1 1 1 1 1 1 1 1 1 1 1 1 1 1 1 
1 1 1 1 1 1 1 1 1 1 1 1 1 1 1 
1 1 1 1 1 1 1 1 1 1 1 1 1 1 1 
1 1 1 1 1 1 1 1 1 1 1 1 1 1 1 
1 1 1 1 1 1 1 1 1 1 1 1 1 1 1 
1 1 1 1 1 1 1 1 1 1 1 1 1 1 1 
1 1 1 1 1 1 1 1 1 1 1 1 1 1 1 
1 1 1 1 1 1 1 1 1 1 1 1 1 1 1 
1 1 1 1 1 1 1 1 1 1 1 1 1 1 1 
1 1 1 1 1 1 1 1 1 1 1 1 1 1 1 
1 1 1 1 1 1 1 1 1 1 1 1 1 1 1 
1 1 1 1 1 1 1 1 1 1 1 1 1 1 1 
1 1 1 1 1 1 1 1 1 1 1 1 1 1 1 
1 1 1 1 1 1 1 1 1 1 1 1 1 1 1 
1 1 1 1 1 1 1 1 1 1 1 1 1 1 1 
plexiglasswalls
5.25 1.75	4.55 1.75
5.95 4.55	5.95 3.85
6.65 6.65	7.35 6.65
7.35 1.05	8.05 1.05
5.95 1.05	5.25 1.05
9.45 4.55	10.15 4.55
2.45 3.85	3.15 3.85
5.95 5.95	5.25 5.95
2.45 9.45	1.75 9.45
1.05 1.75	1.75 1.75
3.85 1.75	3.85 1.05
4.55 3.15	4.55 3.85
5.95 2.45	5.25 2.45
1.05 1.05	1.05 0.35
1.05 8.05	1.05 8.75
endplex
boundarywalls
endbound
