R
0.7
0.7
HV
15
15
1 1 1 1 1 1 1 1 1 1 1 1 1 1 1 
1 1 1 1 1 1 1 1 1 1 1 1 1 1 1 
1 1 1 1 1 1 1 1 1 1 1 1 1 1 1 
1 1 1 1 1 1 1 1 1 1 1 1 1 1 1 
1 1 1 1 1 1 1 1 1 1 1 1 1 1 1 
1 1 1 1 1 1 1 1 1 1 1 1 1 1 1 
1 1 1 1 1 1 1 1 1 1 1 1 1 1 1 
1 1 1 1 1 1 1 1 1 1 1 1 1 1 1 
1 1 1 1 1 1 1 1 1 1 1 1 1 1 1 
1 1 1 1 1 1 1 1 1 1 1 1 1 1 1 
1 1 1 1 1 1 1 1 1 1 1 1 1 1 1 
1 1 1 1 1 1 1 1 1 1 1 1 1 1 1 
1 1 1 1 1 1 1 1 1 1 1 1 1 1 1 
1 1 1 1 1 1 1 1 1 1 1 1 1 1 1 
1 1 1 1 1 1 1 1 1 1 1 1 1 1 1 
plexiglasswalls
5.25 7.35	4.55 7.35
6.65 9.45	7.35 9.45
4.55 3.15	3.85 3.15
5.95 3.85	5.95 4.55
5.95 3.15	5.25 3.15
8.05 7.35	8.05 8.05
5.25 5.25	5.25 5.95
8.05 1.05	8.05 1.75
3.15 6.65	3.15 7.35
1.05 9.45	1.75 9.45
1.75 8.75	1.75 8.05
6.65 6.65	6.65 5.95
2.45 8.05	2.45 7.35
9.45 1.05	9.45 0.35
1.05 3.85	1.05 3.15
endplex
boundarywalls
endbound
