R
0.7
2.0999999999999996
HV
15
15
1 1 1 1 1 1 1 1 1 1 1 1 1 1 1 
1 1 1 1 1 1 1 1 1 1 1 1 1 1 1 
1 1 1 1 1 1 1 1 1 1 1 1 1 1 1 
1 1 1 1 1 1 1 1 1 1 1 1 1 1 1 
1 1 1 1 1 1 1 1 1 1 1 1 1 1 1 
1 1 1 1 1 1 1 1 1 1 1 1 1 1 1 
1 1 1 1 1 1 1 1 1 1 1 1 1 1 1 
1 1 1 1 1 1 1 1 1 1 1 1 1 1 1 
1 1 1 1 1 1 1 1 1 1 1 1 1 1 1 
1 1 1 1 1 1 1 1 1 1 1 1 1 1 1 
1 1 1 1 1 1 1 1 1 1 1 1 1 1 1 
1 1 1 1 1 1 1 1 1 1 1 1 1 1 1 
1 1 1 1 1 1 1 1 1 1 1 1 1 1 1 
1 1 1 1 1 1 1 1 1 1 1 1 1 1 1 
1 1 1 1 1 1 1 1 1 1 1 1 1 1 1 
plexiglasswalls
3.15 3.15	3.15 5.25
5.95 5.25	8.05 5.25
3.15 8.75	5.25 8.75
4.55 2.45	6.65 2.45
5.25 4.55	5.25 2.45
8.75 8.05	8.75 10.15
8.05 1.75	10.15 1.75
8.05 1.05	5.95 1.05
3.15 7.35	1.05 7.35
2.45 5.25	0.35 5.25
5.95 5.95	3.85 5.95
1.05 1.75	3.15 1.75
9.45 8.05	9.45 5.95
1.05 4.55	1.05 2.45
9.45 4.55	9.45 2.45
endplex
boundarywalls
endbound
