R
0.7
2.0999999999999996
HV
15
15
1 1 1 1 1 1 1 1 1 1 1 1 1 1 1 
1 1 1 1 1 1 1 1 1 1 1 1 1 1 1 
1 1 1 1 1 1 1 1 1 1 1 1 1 1 1 
1 1 1 1 1 1 1 1 1 1 1 1 1 1 1 
1 1 1 1 1 1 1 1 1 1 1 1 1 1 1 
1 1 1 1 1 1 1 1 1 1 1 1 1 1 1 
1 1 1 1 1 1 1 1 1 1 1 1 1 1 1 
1 1 1 1 1 1 1 1 1 1 1 1 1 1 1 
1 1 1 1 1 1 1 1 1 1 1 1 1 1 1 
1 1 1 1 1 1 1 1 1 1 1 1 1 1 1 
1 1 1 1 1 1 1 1 1 1 1 1 1 1 1 
1 1 1 1 1 1 1 1 1 1 1 1 1 1 1 
1 1 1 1 1 1 1 1 1 1 1 1 1 1 1 
1 1 1 1 1 1 1 1 1 1 1 1 1 1 1 
1 1 1 1 1 1 1 1 1 1 1 1 1 1 1 
plexiglasswalls
3.85 8.75	3.85 6.65
5.95 6.65	8.05 6.65
6.65 2.45	6.65 0.35
5.25 2.45	5.25 4.55
8.05 5.25	8.05 7.35
9.45 3.15	7.35 3.15
3.15 5.25	5.25 5.25
5.95 8.75	8.05 8.75
8.05 4.55	5.95 4.55
8.75 2.45	8.75 0.35
2.45 9.45	0.35 9.45
9.45 5.95	9.45 8.05
1.05 1.05	3.15 1.05
1.05 3.85	1.05 5.95
4.55 6.65	2.45 6.65
endplex
boundarywalls
endbound
