R
0.7
2.8
HV
15
15
1 1 1 1 1 1 1 1 1 1 1 1 1 1 1 
1 1 1 1 1 1 1 1 1 1 1 1 1 1 1 
1 1 1 1 1 1 1 1 1 1 1 1 1 1 1 
1 1 1 1 1 1 1 1 1 1 1 1 1 1 1 
1 1 1 1 1 1 1 1 1 1 1 1 1 1 1 
1 1 1 1 1 1 1 1 1 1 1 1 1 1 1 
1 1 1 1 1 1 1 1 1 1 1 1 1 1 1 
1 1 1 1 1 1 1 1 1 1 1 1 1 1 1 
1 1 1 1 1 1 1 1 1 1 1 1 1 1 1 
1 1 1 1 1 1 1 1 1 1 1 1 1 1 1 
1 1 1 1 1 1 1 1 1 1 1 1 1 1 1 
1 1 1 1 1 1 1 1 1 1 1 1 1 1 1 
1 1 1 1 1 1 1 1 1 1 1 1 1 1 1 
1 1 1 1 1 1 1 1 1 1 1 1 1 1 1 
1 1 1 1 1 1 1 1 1 1 1 1 1 1 1 
plexiglasswalls
1.05 7.35	1.05 4.55
3.15 3.15	5.95 3.15
1.05 1.05	1.05 3.85
1.75 1.75	4.55 1.75
8.05 1.75	5.25 1.75
1.05 5.95	3.85 5.95
8.75 3.85	5.95 3.85
4.55 7.35	1.75 7.35
8.05 6.65	8.05 9.45
5.25 4.55	2.45 4.55
9.45 7.35	9.45 4.55
5.95 4.55	5.95 7.35
5.25 9.45	2.45 9.45
8.75 5.25	5.95 5.25
5.25 8.05	8.05 8.05
endplex
boundarywalls
endbound
