R
0.7
0.7
HV
15
15
1 1 1 1 1 1 1 1 1 1 1 1 1 1 1 
1 1 1 1 1 1 1 1 1 1 1 1 1 1 1 
1 1 1 1 1 1 1 1 1 1 1 1 1 1 1 
1 1 1 1 1 1 1 1 1 1 1 1 1 1 1 
1 1 1 1 1 1 1 1 1 1 1 1 1 1 1 
1 1 1 1 1 1 1 1 1 1 1 1 1 1 1 
1 1 1 1 1 1 1 1 1 1 1 1 1 1 1 
1 1 1 1 1 1 1 1 1 1 1 1 1 1 1 
1 1 1 1 1 1 1 1 1 1 1 1 1 1 1 
1 1 1 1 1 1 1 1 1 1 1 1 1 1 1 
1 1 1 1 1 1 1 1 1 1 1 1 1 1 1 
1 1 1 1 1 1 1 1 1 1 1 1 1 1 1 
1 1 1 1 1 1 1 1 1 1 1 1 1 1 1 
1 1 1 1 1 1 1 1 1 1 1 1 1 1 1 
1 1 1 1 1 1 1 1 1 1 1 1 1 1 1 
plexiglasswalls
6.65 7.35	7.35 7.35
6.65 6.65	6.65 5.95
3.85 9.45	3.15 9.45
5.95 5.25	5.95 5.95
3.15 1.05	3.85 1.05
5.25 7.35	5.25 6.65
9.45 7.35	9.45 8.05
7.35 8.75	6.65 8.75
9.45 2.45	9.45 3.15
4.55 3.15	5.25 3.15
2.45 9.45	2.45 10.15
8.75 1.05	8.75 0.35
4.55 5.25	3.85 5.25
4.55 4.55	4.55 3.85
2.45 4.55	3.15 4.55
endplex
boundarywalls
endbound
