R
0.7
0.7
HV
15
15
1 1 1 1 1 1 1 1 1 1 1 1 1 1 1 
1 1 1 1 1 1 1 1 1 1 1 1 1 1 1 
1 1 1 1 1 1 1 1 1 1 1 1 1 1 1 
1 1 1 1 1 1 1 1 1 1 1 1 1 1 1 
1 1 1 1 1 1 1 1 1 1 1 1 1 1 1 
1 1 1 1 1 1 1 1 1 1 1 1 1 1 1 
1 1 1 1 1 1 1 1 1 1 1 1 1 1 1 
1 1 1 1 1 1 1 1 1 1 1 1 1 1 1 
1 1 1 1 1 1 1 1 1 1 1 1 1 1 1 
1 1 1 1 1 1 1 1 1 1 1 1 1 1 1 
1 1 1 1 1 1 1 1 1 1 1 1 1 1 1 
1 1 1 1 1 1 1 1 1 1 1 1 1 1 1 
1 1 1 1 1 1 1 1 1 1 1 1 1 1 1 
1 1 1 1 1 1 1 1 1 1 1 1 1 1 1 
1 1 1 1 1 1 1 1 1 1 1 1 1 1 1 
plexiglasswalls
8.75 8.05	8.05 8.05
9.45 1.05	9.45 0.35
1.05 2.45	1.05 3.15
1.75 1.05	2.45 1.05
9.45 8.05	9.45 8.75
5.95 3.15	5.95 3.85
5.95 2.45	5.25 2.45
4.55 1.05	4.55 1.75
4.55 8.05	4.55 7.35
6.65 8.75	5.95 8.75
6.65 5.25	6.65 5.95
6.65 4.55	6.65 3.85
6.65 9.45	7.35 9.45
3.85 4.55	4.55 4.55
5.95 5.25	5.25 5.25
endplex
boundarywalls
endbound
