R
0.7
2.0999999999999996
HV
15
15
1 1 1 1 1 1 1 1 1 1 1 1 1 1 1 
1 1 1 1 1 1 1 1 1 1 1 1 1 1 1 
1 1 1 1 1 1 1 1 1 1 1 1 1 1 1 
1 1 1 1 1 1 1 1 1 1 1 1 1 1 1 
1 1 1 1 1 1 1 1 1 1 1 1 1 1 1 
1 1 1 1 1 1 1 1 1 1 1 1 1 1 1 
1 1 1 1 1 1 1 1 1 1 1 1 1 1 1 
1 1 1 1 1 1 1 1 1 1 1 1 1 1 1 
1 1 1 1 1 1 1 1 1 1 1 1 1 1 1 
1 1 1 1 1 1 1 1 1 1 1 1 1 1 1 
1 1 1 1 1 1 1 1 1 1 1 1 1 1 1 
1 1 1 1 1 1 1 1 1 1 1 1 1 1 1 
1 1 1 1 1 1 1 1 1 1 1 1 1 1 1 
1 1 1 1 1 1 1 1 1 1 1 1 1 1 1 
1 1 1 1 1 1 1 1 1 1 1 1 1 1 1 
plexiglasswalls
5.25 8.75	3.15 8.75
1.05 3.15	3.15 3.15
6.65 3.15	6.65 5.25
6.65 1.05	4.55 1.05
1.05 3.85	1.05 5.95
2.45 5.95	2.45 3.85
5.25 6.65	7.35 6.65
3.85 7.35	3.85 5.25
1.05 1.05	3.15 1.05
2.45 7.35	2.45 9.45
7.35 7.35	7.35 9.45
9.45 5.25	9.45 3.15
5.25 5.25	3.15 5.25
5.25 3.85	3.15 3.85
9.45 5.95	9.45 8.05
endplex
boundarywalls
endbound
