R
0.7
0.7
HV
15
15
1 1 1 1 1 1 1 1 1 1 1 1 1 1 1 
1 1 1 1 1 1 1 1 1 1 1 1 1 1 1 
1 1 1 1 1 1 1 1 1 1 1 1 1 1 1 
1 1 1 1 1 1 1 1 1 1 1 1 1 1 1 
1 1 1 1 1 1 1 1 1 1 1 1 1 1 1 
1 1 1 1 1 1 1 1 1 1 1 1 1 1 1 
1 1 1 1 1 1 1 1 1 1 1 1 1 1 1 
1 1 1 1 1 1 1 1 1 1 1 1 1 1 1 
1 1 1 1 1 1 1 1 1 1 1 1 1 1 1 
1 1 1 1 1 1 1 1 1 1 1 1 1 1 1 
1 1 1 1 1 1 1 1 1 1 1 1 1 1 1 
1 1 1 1 1 1 1 1 1 1 1 1 1 1 1 
1 1 1 1 1 1 1 1 1 1 1 1 1 1 1 
1 1 1 1 1 1 1 1 1 1 1 1 1 1 1 
1 1 1 1 1 1 1 1 1 1 1 1 1 1 1 
plexiglasswalls
8.75 1.75	9.45 1.75
1.05 9.45	0.35 9.45
1.05 8.05	1.75 8.05
4.55 8.75	4.55 9.45
6.65 3.15	6.65 2.45
5.25 8.05	5.25 7.35
8.75 3.85	8.05 3.85
8.75 4.55	8.75 5.25
8.05 1.05	7.35 1.05
1.05 6.65	1.05 7.35
5.95 2.45	5.25 2.45
2.45 8.05	2.45 7.35
3.85 5.95	3.85 6.65
7.35 8.05	8.05 8.05
7.35 9.45	7.35 10.15
endplex
boundarywalls
endbound
