R
0.7
2.8
HV
15
15
1 1 1 1 1 1 1 1 1 1 1 1 1 1 1 
1 1 1 1 1 1 1 1 1 1 1 1 1 1 1 
1 1 1 1 1 1 1 1 1 1 1 1 1 1 1 
1 1 1 1 1 1 1 1 1 1 1 1 1 1 1 
1 1 1 1 1 1 1 1 1 1 1 1 1 1 1 
1 1 1 1 1 1 1 1 1 1 1 1 1 1 1 
1 1 1 1 1 1 1 1 1 1 1 1 1 1 1 
1 1 1 1 1 1 1 1 1 1 1 1 1 1 1 
1 1 1 1 1 1 1 1 1 1 1 1 1 1 1 
1 1 1 1 1 1 1 1 1 1 1 1 1 1 1 
1 1 1 1 1 1 1 1 1 1 1 1 1 1 1 
1 1 1 1 1 1 1 1 1 1 1 1 1 1 1 
1 1 1 1 1 1 1 1 1 1 1 1 1 1 1 
1 1 1 1 1 1 1 1 1 1 1 1 1 1 1 
1 1 1 1 1 1 1 1 1 1 1 1 1 1 1 
plexiglasswalls
1.05 3.15	1.05 5.95
5.95 4.55	3.15 4.55
3.15 6.65	5.95 6.65
1.75 7.35	1.75 10.15
8.75 7.35	5.95 7.35
5.25 9.45	8.05 9.45
2.45 1.75	5.25 1.75
9.45 5.95	6.65 5.95
1.75 3.15	1.75 0.35
3.85 3.15	6.65 3.15
7.35 1.05	7.35 3.85
9.45 3.85	9.45 1.05
2.45 7.35	2.45 4.55
5.95 8.05	3.15 8.05
9.45 7.35	9.45 10.15
endplex
boundarywalls
endbound
