R
0.7
2.8
HV
15
15
1 1 1 1 1 1 1 1 1 1 1 1 1 1 1 
1 1 1 1 1 1 1 1 1 1 1 1 1 1 1 
1 1 1 1 1 1 1 1 1 1 1 1 1 1 1 
1 1 1 1 1 1 1 1 1 1 1 1 1 1 1 
1 1 1 1 1 1 1 1 1 1 1 1 1 1 1 
1 1 1 1 1 1 1 1 1 1 1 1 1 1 1 
1 1 1 1 1 1 1 1 1 1 1 1 1 1 1 
1 1 1 1 1 1 1 1 1 1 1 1 1 1 1 
1 1 1 1 1 1 1 1 1 1 1 1 1 1 1 
1 1 1 1 1 1 1 1 1 1 1 1 1 1 1 
1 1 1 1 1 1 1 1 1 1 1 1 1 1 1 
1 1 1 1 1 1 1 1 1 1 1 1 1 1 1 
1 1 1 1 1 1 1 1 1 1 1 1 1 1 1 
1 1 1 1 1 1 1 1 1 1 1 1 1 1 1 
1 1 1 1 1 1 1 1 1 1 1 1 1 1 1 
plexiglasswalls
3.15 3.15	5.95 3.15
2.45 3.85	2.45 1.05
3.15 1.05	5.95 1.05
3.15 3.85	3.15 6.65
1.05 4.55	1.05 7.35
8.75 6.65	8.75 3.85
5.95 8.05	8.75 8.05
5.95 9.45	5.95 6.65
7.35 3.15	10.15 3.15
5.25 9.45	2.45 9.45
7.35 5.25	7.35 2.45
6.65 5.95	3.85 5.95
7.35 1.75	10.15 1.75
4.55 8.75	4.55 5.95
7.35 9.45	10.15 9.45
endplex
boundarywalls
endbound
