R
0.7
0.7
HV
15
15
1 1 1 1 1 1 1 1 1 1 1 1 1 1 1 
1 1 1 1 1 1 1 1 1 1 1 1 1 1 1 
1 1 1 1 1 1 1 1 1 1 1 1 1 1 1 
1 1 1 1 1 1 1 1 1 1 1 1 1 1 1 
1 1 1 1 1 1 1 1 1 1 1 1 1 1 1 
1 1 1 1 1 1 1 1 1 1 1 1 1 1 1 
1 1 1 1 1 1 1 1 1 1 1 1 1 1 1 
1 1 1 1 1 1 1 1 1 1 1 1 1 1 1 
1 1 1 1 1 1 1 1 1 1 1 1 1 1 1 
1 1 1 1 1 1 1 1 1 1 1 1 1 1 1 
1 1 1 1 1 1 1 1 1 1 1 1 1 1 1 
1 1 1 1 1 1 1 1 1 1 1 1 1 1 1 
1 1 1 1 1 1 1 1 1 1 1 1 1 1 1 
1 1 1 1 1 1 1 1 1 1 1 1 1 1 1 
1 1 1 1 1 1 1 1 1 1 1 1 1 1 1 
plexiglasswalls
3.85 3.15	3.85 2.45
6.65 3.15	6.65 3.85
7.35 3.15	7.35 2.45
5.95 6.65	5.95 5.95
3.15 5.25	3.15 4.55
4.55 4.55	5.25 4.55
1.05 8.75	1.75 8.75
5.95 3.85	5.95 4.55
4.55 6.65	4.55 7.35
8.75 1.05	8.75 0.35
1.05 3.15	1.05 3.85
5.95 8.05	5.95 7.35
8.05 8.05	8.05 8.75
8.75 5.95	9.45 5.95
3.85 9.45	3.15 9.45
endplex
boundarywalls
endbound
