R
0.7
1.4
HV
15
15
1 1 1 1 1 1 1 1 1 1 1 1 1 1 1 
1 1 1 1 1 1 1 1 1 1 1 1 1 1 1 
1 1 1 1 1 1 1 1 1 1 1 1 1 1 1 
1 1 1 1 1 1 1 1 1 1 1 1 1 1 1 
1 1 1 1 1 1 1 1 1 1 1 1 1 1 1 
1 1 1 1 1 1 1 1 1 1 1 1 1 1 1 
1 1 1 1 1 1 1 1 1 1 1 1 1 1 1 
1 1 1 1 1 1 1 1 1 1 1 1 1 1 1 
1 1 1 1 1 1 1 1 1 1 1 1 1 1 1 
1 1 1 1 1 1 1 1 1 1 1 1 1 1 1 
1 1 1 1 1 1 1 1 1 1 1 1 1 1 1 
1 1 1 1 1 1 1 1 1 1 1 1 1 1 1 
1 1 1 1 1 1 1 1 1 1 1 1 1 1 1 
1 1 1 1 1 1 1 1 1 1 1 1 1 1 1 
1 1 1 1 1 1 1 1 1 1 1 1 1 1 1 
plexiglasswalls
3.15 8.05	1.75 8.05
5.95 5.95	7.35 5.95
1.75 5.25	0.35 5.25
6.65 3.15	8.05 3.15
8.05 7.35	9.45 7.35
2.45 3.15	1.05 3.15
3.85 9.45	5.25 9.45
8.05 2.45	8.05 1.05
5.95 3.85	5.95 2.45
5.25 5.95	5.25 7.35
1.05 2.45	1.05 1.05
8.75 4.55	10.15 4.55
1.05 8.75	1.05 7.35
3.85 4.55	2.45 4.55
2.45 1.75	2.45 0.35
endplex
boundarywalls
endbound
