R
0.7
2.8
HV
15
15
1 1 1 1 1 1 1 1 1 1 1 1 1 1 1 
1 1 1 1 1 1 1 1 1 1 1 1 1 1 1 
1 1 1 1 1 1 1 1 1 1 1 1 1 1 1 
1 1 1 1 1 1 1 1 1 1 1 1 1 1 1 
1 1 1 1 1 1 1 1 1 1 1 1 1 1 1 
1 1 1 1 1 1 1 1 1 1 1 1 1 1 1 
1 1 1 1 1 1 1 1 1 1 1 1 1 1 1 
1 1 1 1 1 1 1 1 1 1 1 1 1 1 1 
1 1 1 1 1 1 1 1 1 1 1 1 1 1 1 
1 1 1 1 1 1 1 1 1 1 1 1 1 1 1 
1 1 1 1 1 1 1 1 1 1 1 1 1 1 1 
1 1 1 1 1 1 1 1 1 1 1 1 1 1 1 
1 1 1 1 1 1 1 1 1 1 1 1 1 1 1 
1 1 1 1 1 1 1 1 1 1 1 1 1 1 1 
1 1 1 1 1 1 1 1 1 1 1 1 1 1 1 
plexiglasswalls
7.35 9.45	4.55 9.45
6.65 5.95	3.85 5.95
8.05 6.65	8.05 9.45
8.75 4.55	8.75 1.75
5.25 2.45	5.25 5.25
3.85 7.35	3.85 4.55
3.15 4.55	0.35 4.55
3.85 8.05	6.65 8.05
1.05 1.05	1.05 3.85
7.35 5.25	10.15 5.25
1.75 5.95	1.75 8.75
5.95 1.05	3.15 1.05
9.45 5.95	9.45 8.75
6.65 3.15	6.65 0.35
3.15 7.35	3.15 10.15
endplex
boundarywalls
endbound
