R
0.7
1.4
HV
15
15
1 1 1 1 1 1 1 1 1 1 1 1 1 1 1 
1 1 1 1 1 1 1 1 1 1 1 1 1 1 1 
1 1 1 1 1 1 1 1 1 1 1 1 1 1 1 
1 1 1 1 1 1 1 1 1 1 1 1 1 1 1 
1 1 1 1 1 1 1 1 1 1 1 1 1 1 1 
1 1 1 1 1 1 1 1 1 1 1 1 1 1 1 
1 1 1 1 1 1 1 1 1 1 1 1 1 1 1 
1 1 1 1 1 1 1 1 1 1 1 1 1 1 1 
1 1 1 1 1 1 1 1 1 1 1 1 1 1 1 
1 1 1 1 1 1 1 1 1 1 1 1 1 1 1 
1 1 1 1 1 1 1 1 1 1 1 1 1 1 1 
1 1 1 1 1 1 1 1 1 1 1 1 1 1 1 
1 1 1 1 1 1 1 1 1 1 1 1 1 1 1 
1 1 1 1 1 1 1 1 1 1 1 1 1 1 1 
1 1 1 1 1 1 1 1 1 1 1 1 1 1 1 
plexiglasswalls
5.95 1.75	5.95 3.15
4.55 1.05	3.15 1.05
9.45 6.65	9.45 8.05
8.75 1.75	8.75 0.35
5.95 8.05	5.95 6.65
8.05 3.15	8.05 4.55
3.15 1.75	1.75 1.75
3.15 8.75	1.75 8.75
5.95 5.95	4.55 5.95
3.15 7.35	4.55 7.35
1.05 8.05	1.05 6.65
2.45 6.65	2.45 5.25
4.55 4.55	4.55 3.15
7.35 6.65	7.35 8.05
2.45 3.15	3.85 3.15
endplex
boundarywalls
endbound
