R
0.7
0.7
HV
15
15
1 1 1 1 1 1 1 1 1 1 1 1 1 1 1 
1 1 1 1 1 1 1 1 1 1 1 1 1 1 1 
1 1 1 1 1 1 1 1 1 1 1 1 1 1 1 
1 1 1 1 1 1 1 1 1 1 1 1 1 1 1 
1 1 1 1 1 1 1 1 1 1 1 1 1 1 1 
1 1 1 1 1 1 1 1 1 1 1 1 1 1 1 
1 1 1 1 1 1 1 1 1 1 1 1 1 1 1 
1 1 1 1 1 1 1 1 1 1 1 1 1 1 1 
1 1 1 1 1 1 1 1 1 1 1 1 1 1 1 
1 1 1 1 1 1 1 1 1 1 1 1 1 1 1 
1 1 1 1 1 1 1 1 1 1 1 1 1 1 1 
1 1 1 1 1 1 1 1 1 1 1 1 1 1 1 
1 1 1 1 1 1 1 1 1 1 1 1 1 1 1 
1 1 1 1 1 1 1 1 1 1 1 1 1 1 1 
1 1 1 1 1 1 1 1 1 1 1 1 1 1 1 
plexiglasswalls
1.05 3.15	1.05 3.85
5.95 4.55	5.25 4.55
3.15 6.65	3.85 6.65
6.65 8.75	6.65 9.45
4.55 8.75	4.55 8.05
1.75 7.35	1.75 8.05
8.75 7.35	8.05 7.35
5.25 1.75	5.25 2.45
5.25 9.45	5.95 9.45
2.45 1.75	3.15 1.75
1.75 5.95	1.75 5.25
3.85 3.85	3.15 3.85
9.45 5.95	8.75 5.95
4.55 3.85	4.55 3.15
8.75 8.75	8.05 8.75
endplex
boundarywalls
endbound
