R
0.7
2.0999999999999996
HV
15
15
1 1 1 1 1 1 1 1 1 1 1 1 1 1 1 
1 1 1 1 1 1 1 1 1 1 1 1 1 1 1 
1 1 1 1 1 1 1 1 1 1 1 1 1 1 1 
1 1 1 1 1 1 1 1 1 1 1 1 1 1 1 
1 1 1 1 1 1 1 1 1 1 1 1 1 1 1 
1 1 1 1 1 1 1 1 1 1 1 1 1 1 1 
1 1 1 1 1 1 1 1 1 1 1 1 1 1 1 
1 1 1 1 1 1 1 1 1 1 1 1 1 1 1 
1 1 1 1 1 1 1 1 1 1 1 1 1 1 1 
1 1 1 1 1 1 1 1 1 1 1 1 1 1 1 
1 1 1 1 1 1 1 1 1 1 1 1 1 1 1 
1 1 1 1 1 1 1 1 1 1 1 1 1 1 1 
1 1 1 1 1 1 1 1 1 1 1 1 1 1 1 
1 1 1 1 1 1 1 1 1 1 1 1 1 1 1 
1 1 1 1 1 1 1 1 1 1 1 1 1 1 1 
plexiglasswalls
8.75 3.15	8.75 5.25
8.05 3.85	5.95 3.85
5.25 5.95	5.25 3.85
3.15 9.45	1.05 9.45
8.05 8.05	8.05 5.95
8.05 1.75	5.95 1.75
3.15 3.15	3.15 1.05
4.55 7.35	4.55 9.45
5.95 8.05	5.95 5.95
1.05 8.05	1.05 5.95
7.35 8.75	5.25 8.75
1.75 2.45	1.75 0.35
1.05 6.65	3.15 6.65
3.85 5.25	3.85 3.15
5.95 3.15	5.95 1.05
endplex
boundarywalls
endbound
