R
0.7
2.0999999999999996
HV
15
15
1 1 1 1 1 1 1 1 1 1 1 1 1 1 1 
1 1 1 1 1 1 1 1 1 1 1 1 1 1 1 
1 1 1 1 1 1 1 1 1 1 1 1 1 1 1 
1 1 1 1 1 1 1 1 1 1 1 1 1 1 1 
1 1 1 1 1 1 1 1 1 1 1 1 1 1 1 
1 1 1 1 1 1 1 1 1 1 1 1 1 1 1 
1 1 1 1 1 1 1 1 1 1 1 1 1 1 1 
1 1 1 1 1 1 1 1 1 1 1 1 1 1 1 
1 1 1 1 1 1 1 1 1 1 1 1 1 1 1 
1 1 1 1 1 1 1 1 1 1 1 1 1 1 1 
1 1 1 1 1 1 1 1 1 1 1 1 1 1 1 
1 1 1 1 1 1 1 1 1 1 1 1 1 1 1 
1 1 1 1 1 1 1 1 1 1 1 1 1 1 1 
1 1 1 1 1 1 1 1 1 1 1 1 1 1 1 
1 1 1 1 1 1 1 1 1 1 1 1 1 1 1 
plexiglasswalls
1.05 2.45	3.15 2.45
3.15 3.85	5.25 3.85
6.65 9.45	4.55 9.45
9.45 8.75	9.45 6.65
7.35 7.35	7.35 9.45
4.55 6.65	6.65 6.65
9.45 3.15	9.45 5.25
2.45 5.25	4.55 5.25
6.65 2.45	8.75 2.45
2.45 9.45	0.35 9.45
9.45 2.45	9.45 0.35
6.65 3.15	6.65 5.25
8.05 6.65	8.05 4.55
3.85 7.35	3.85 9.45
1.05 3.15	1.05 5.25
endplex
boundarywalls
endbound
