R
0.7
1.4
HV
15
15
1 1 1 1 1 1 1 1 1 1 1 1 1 1 1 
1 1 1 1 1 1 1 1 1 1 1 1 1 1 1 
1 1 1 1 1 1 1 1 1 1 1 1 1 1 1 
1 1 1 1 1 1 1 1 1 1 1 1 1 1 1 
1 1 1 1 1 1 1 1 1 1 1 1 1 1 1 
1 1 1 1 1 1 1 1 1 1 1 1 1 1 1 
1 1 1 1 1 1 1 1 1 1 1 1 1 1 1 
1 1 1 1 1 1 1 1 1 1 1 1 1 1 1 
1 1 1 1 1 1 1 1 1 1 1 1 1 1 1 
1 1 1 1 1 1 1 1 1 1 1 1 1 1 1 
1 1 1 1 1 1 1 1 1 1 1 1 1 1 1 
1 1 1 1 1 1 1 1 1 1 1 1 1 1 1 
1 1 1 1 1 1 1 1 1 1 1 1 1 1 1 
1 1 1 1 1 1 1 1 1 1 1 1 1 1 1 
1 1 1 1 1 1 1 1 1 1 1 1 1 1 1 
plexiglasswalls
5.25 1.75	3.85 1.75
5.95 4.55	5.95 3.15
6.65 6.65	8.05 6.65
7.35 1.05	8.75 1.05
2.45 3.85	3.85 3.85
5.95 5.95	4.55 5.95
2.45 9.45	1.05 9.45
1.05 1.75	2.45 1.75
4.55 3.15	4.55 4.55
3.15 1.05	3.15 2.45
8.75 5.25	10.15 5.25
5.95 6.65	5.95 8.05
8.05 3.15	9.45 3.15
6.65 8.05	5.25 8.05
9.45 8.05	8.05 8.05
endplex
boundarywalls
endbound
