R
0.7
2.0999999999999996
HV
15
15
1 1 1 1 1 1 1 1 1 1 1 1 1 1 1 
1 1 1 1 1 1 1 1 1 1 1 1 1 1 1 
1 1 1 1 1 1 1 1 1 1 1 1 1 1 1 
1 1 1 1 1 1 1 1 1 1 1 1 1 1 1 
1 1 1 1 1 1 1 1 1 1 1 1 1 1 1 
1 1 1 1 1 1 1 1 1 1 1 1 1 1 1 
1 1 1 1 1 1 1 1 1 1 1 1 1 1 1 
1 1 1 1 1 1 1 1 1 1 1 1 1 1 1 
1 1 1 1 1 1 1 1 1 1 1 1 1 1 1 
1 1 1 1 1 1 1 1 1 1 1 1 1 1 1 
1 1 1 1 1 1 1 1 1 1 1 1 1 1 1 
1 1 1 1 1 1 1 1 1 1 1 1 1 1 1 
1 1 1 1 1 1 1 1 1 1 1 1 1 1 1 
1 1 1 1 1 1 1 1 1 1 1 1 1 1 1 
1 1 1 1 1 1 1 1 1 1 1 1 1 1 1 
plexiglasswalls
5.95 5.25	8.05 5.25
5.25 1.75	5.25 3.85
3.85 1.05	1.75 1.05
8.05 4.55	10.15 4.55
6.65 8.05	4.55 8.05
8.75 8.75	8.75 6.65
1.05 6.65	1.05 4.55
8.05 1.75	10.15 1.75
2.45 6.65	2.45 4.55
5.95 4.55	3.85 4.55
7.35 1.75	7.35 3.85
3.15 5.95	5.25 5.95
1.05 9.45	1.05 7.35
3.15 6.65	3.15 8.75
1.05 3.15	1.05 1.05
endplex
boundarywalls
endbound
