R
0.7
2.0999999999999996
HV
15
15
1 1 1 1 1 1 1 1 1 1 1 1 1 1 1 
1 1 1 1 1 1 1 1 1 1 1 1 1 1 1 
1 1 1 1 1 1 1 1 1 1 1 1 1 1 1 
1 1 1 1 1 1 1 1 1 1 1 1 1 1 1 
1 1 1 1 1 1 1 1 1 1 1 1 1 1 1 
1 1 1 1 1 1 1 1 1 1 1 1 1 1 1 
1 1 1 1 1 1 1 1 1 1 1 1 1 1 1 
1 1 1 1 1 1 1 1 1 1 1 1 1 1 1 
1 1 1 1 1 1 1 1 1 1 1 1 1 1 1 
1 1 1 1 1 1 1 1 1 1 1 1 1 1 1 
1 1 1 1 1 1 1 1 1 1 1 1 1 1 1 
1 1 1 1 1 1 1 1 1 1 1 1 1 1 1 
1 1 1 1 1 1 1 1 1 1 1 1 1 1 1 
1 1 1 1 1 1 1 1 1 1 1 1 1 1 1 
1 1 1 1 1 1 1 1 1 1 1 1 1 1 1 
plexiglasswalls
1.75 3.15	1.75 5.25
5.25 4.55	5.25 6.65
9.45 1.75	7.35 1.75
2.45 3.15	2.45 1.05
5.25 1.75	5.25 3.85
6.65 3.85	6.65 5.95
9.45 3.15	9.45 5.25
8.75 7.35	8.75 9.45
8.75 6.65	6.65 6.65
2.45 7.35	0.35 7.35
8.05 8.75	5.95 8.75
3.15 7.35	3.15 5.25
5.25 7.35	5.25 9.45
3.85 4.55	3.85 2.45
4.55 5.25	2.45 5.25
endplex
boundarywalls
endbound
