R
0.7
2.0999999999999996
HV
15
15
1 1 1 1 1 1 1 1 1 1 1 1 1 1 1 
1 1 1 1 1 1 1 1 1 1 1 1 1 1 1 
1 1 1 1 1 1 1 1 1 1 1 1 1 1 1 
1 1 1 1 1 1 1 1 1 1 1 1 1 1 1 
1 1 1 1 1 1 1 1 1 1 1 1 1 1 1 
1 1 1 1 1 1 1 1 1 1 1 1 1 1 1 
1 1 1 1 1 1 1 1 1 1 1 1 1 1 1 
1 1 1 1 1 1 1 1 1 1 1 1 1 1 1 
1 1 1 1 1 1 1 1 1 1 1 1 1 1 1 
1 1 1 1 1 1 1 1 1 1 1 1 1 1 1 
1 1 1 1 1 1 1 1 1 1 1 1 1 1 1 
1 1 1 1 1 1 1 1 1 1 1 1 1 1 1 
1 1 1 1 1 1 1 1 1 1 1 1 1 1 1 
1 1 1 1 1 1 1 1 1 1 1 1 1 1 1 
1 1 1 1 1 1 1 1 1 1 1 1 1 1 1 
plexiglasswalls
3.85 4.55	3.85 6.65
6.65 5.25	6.65 3.15
7.35 9.45	7.35 7.35
2.45 2.45	2.45 0.35
3.85 1.05	5.95 1.05
8.05 6.65	10.15 6.65
5.25 3.85	5.25 5.95
8.05 1.75	8.05 3.85
8.75 8.05	8.75 10.15
2.45 9.45	2.45 7.35
8.75 5.95	8.75 3.85
1.75 4.55	1.75 2.45
1.05 6.65	3.15 6.65
6.65 2.45	6.65 0.35
5.95 7.35	5.95 9.45
endplex
boundarywalls
endbound
