R
0.7
0.7
HV
15
15
1 1 1 1 1 1 1 1 1 1 1 1 1 1 1 
1 1 1 1 1 1 1 1 1 1 1 1 1 1 1 
1 1 1 1 1 1 1 1 1 1 1 1 1 1 1 
1 1 1 1 1 1 1 1 1 1 1 1 1 1 1 
1 1 1 1 1 1 1 1 1 1 1 1 1 1 1 
1 1 1 1 1 1 1 1 1 1 1 1 1 1 1 
1 1 1 1 1 1 1 1 1 1 1 1 1 1 1 
1 1 1 1 1 1 1 1 1 1 1 1 1 1 1 
1 1 1 1 1 1 1 1 1 1 1 1 1 1 1 
1 1 1 1 1 1 1 1 1 1 1 1 1 1 1 
1 1 1 1 1 1 1 1 1 1 1 1 1 1 1 
1 1 1 1 1 1 1 1 1 1 1 1 1 1 1 
1 1 1 1 1 1 1 1 1 1 1 1 1 1 1 
1 1 1 1 1 1 1 1 1 1 1 1 1 1 1 
1 1 1 1 1 1 1 1 1 1 1 1 1 1 1 
plexiglasswalls
3.85 2.45	4.55 2.45
7.35 5.95	8.05 5.95
1.75 5.25	2.45 5.25
9.45 2.45	10.15 2.45
1.05 1.05	0.35 1.05
8.75 2.45	8.75 1.75
7.35 1.05	7.35 1.75
9.45 8.05	9.45 8.75
5.95 1.75	5.95 1.05
7.35 3.15	7.35 3.85
1.05 8.05	0.35 8.05
1.05 1.75	1.05 2.45
4.55 8.75	5.25 8.75
7.35 9.45	7.35 8.75
8.75 7.35	8.75 6.65
endplex
boundarywalls
endbound
