R
0.7
2.8
HV
15
15
1 1 1 1 1 1 1 1 1 1 1 1 1 1 1 
1 1 1 1 1 1 1 1 1 1 1 1 1 1 1 
1 1 1 1 1 1 1 1 1 1 1 1 1 1 1 
1 1 1 1 1 1 1 1 1 1 1 1 1 1 1 
1 1 1 1 1 1 1 1 1 1 1 1 1 1 1 
1 1 1 1 1 1 1 1 1 1 1 1 1 1 1 
1 1 1 1 1 1 1 1 1 1 1 1 1 1 1 
1 1 1 1 1 1 1 1 1 1 1 1 1 1 1 
1 1 1 1 1 1 1 1 1 1 1 1 1 1 1 
1 1 1 1 1 1 1 1 1 1 1 1 1 1 1 
1 1 1 1 1 1 1 1 1 1 1 1 1 1 1 
1 1 1 1 1 1 1 1 1 1 1 1 1 1 1 
1 1 1 1 1 1 1 1 1 1 1 1 1 1 1 
1 1 1 1 1 1 1 1 1 1 1 1 1 1 1 
1 1 1 1 1 1 1 1 1 1 1 1 1 1 1 
plexiglasswalls
9.45 1.05	6.65 1.05
1.05 5.95	1.05 3.15
3.85 5.95	3.85 3.15
9.45 3.15	9.45 5.95
7.35 8.75	10.15 8.75
4.55 6.65	4.55 9.45
2.45 5.95	2.45 3.15
5.95 7.35	8.75 7.35
7.35 1.75	7.35 4.55
5.95 5.25	5.95 2.45
1.05 6.65	1.05 9.45
2.45 1.05	5.25 1.05
8.75 5.95	5.95 5.95
5.25 2.45	2.45 2.45
3.15 9.45	3.15 6.65
endplex
boundarywalls
endbound
