R
0.7
2.8
HV
15
15
1 1 1 1 1 1 1 1 1 1 1 1 1 1 1 
1 1 1 1 1 1 1 1 1 1 1 1 1 1 1 
1 1 1 1 1 1 1 1 1 1 1 1 1 1 1 
1 1 1 1 1 1 1 1 1 1 1 1 1 1 1 
1 1 1 1 1 1 1 1 1 1 1 1 1 1 1 
1 1 1 1 1 1 1 1 1 1 1 1 1 1 1 
1 1 1 1 1 1 1 1 1 1 1 1 1 1 1 
1 1 1 1 1 1 1 1 1 1 1 1 1 1 1 
1 1 1 1 1 1 1 1 1 1 1 1 1 1 1 
1 1 1 1 1 1 1 1 1 1 1 1 1 1 1 
1 1 1 1 1 1 1 1 1 1 1 1 1 1 1 
1 1 1 1 1 1 1 1 1 1 1 1 1 1 1 
1 1 1 1 1 1 1 1 1 1 1 1 1 1 1 
1 1 1 1 1 1 1 1 1 1 1 1 1 1 1 
1 1 1 1 1 1 1 1 1 1 1 1 1 1 1 
plexiglasswalls
4.55 5.25	7.35 5.25
1.75 1.05	1.75 3.85
4.55 8.05	7.35 8.05
3.85 9.45	3.85 6.65
5.25 3.15	5.25 0.35
8.75 6.65	5.95 6.65
6.65 3.85	9.45 3.85
3.15 3.85	0.35 3.85
7.35 2.45	10.15 2.45
3.15 5.95	0.35 5.95
6.65 3.15	3.85 3.15
1.05 7.35	1.05 10.15
9.45 7.35	9.45 4.55
4.55 6.65	4.55 3.85
9.45 9.45	6.65 9.45
endplex
boundarywalls
endbound
