R
0.7
1.4
HV
15
15
1 1 1 1 1 1 1 1 1 1 1 1 1 1 1 
1 1 1 1 1 1 1 1 1 1 1 1 1 1 1 
1 1 1 1 1 1 1 1 1 1 1 1 1 1 1 
1 1 1 1 1 1 1 1 1 1 1 1 1 1 1 
1 1 1 1 1 1 1 1 1 1 1 1 1 1 1 
1 1 1 1 1 1 1 1 1 1 1 1 1 1 1 
1 1 1 1 1 1 1 1 1 1 1 1 1 1 1 
1 1 1 1 1 1 1 1 1 1 1 1 1 1 1 
1 1 1 1 1 1 1 1 1 1 1 1 1 1 1 
1 1 1 1 1 1 1 1 1 1 1 1 1 1 1 
1 1 1 1 1 1 1 1 1 1 1 1 1 1 1 
1 1 1 1 1 1 1 1 1 1 1 1 1 1 1 
1 1 1 1 1 1 1 1 1 1 1 1 1 1 1 
1 1 1 1 1 1 1 1 1 1 1 1 1 1 1 
1 1 1 1 1 1 1 1 1 1 1 1 1 1 1 
plexiglasswalls
6.65 3.15	8.05 3.15
9.45 8.05	9.45 6.65
3.15 5.95	3.15 7.35
1.75 1.75	1.75 0.35
8.75 3.85	10.15 3.85
1.75 1.05	3.15 1.05
3.15 4.55	1.75 4.55
5.25 4.55	5.25 3.15
7.35 1.75	5.95 1.75
8.05 6.65	8.05 8.05
5.25 9.45	5.25 8.05
8.75 5.95	8.75 4.55
3.15 9.45	4.55 9.45
8.05 5.25	6.65 5.25
3.85 5.95	5.25 5.95
endplex
boundarywalls
endbound
