R
0.7
2.0999999999999996
HV
15
15
1 1 1 1 1 1 1 1 1 1 1 1 1 1 1 
1 1 1 1 1 1 1 1 1 1 1 1 1 1 1 
1 1 1 1 1 1 1 1 1 1 1 1 1 1 1 
1 1 1 1 1 1 1 1 1 1 1 1 1 1 1 
1 1 1 1 1 1 1 1 1 1 1 1 1 1 1 
1 1 1 1 1 1 1 1 1 1 1 1 1 1 1 
1 1 1 1 1 1 1 1 1 1 1 1 1 1 1 
1 1 1 1 1 1 1 1 1 1 1 1 1 1 1 
1 1 1 1 1 1 1 1 1 1 1 1 1 1 1 
1 1 1 1 1 1 1 1 1 1 1 1 1 1 1 
1 1 1 1 1 1 1 1 1 1 1 1 1 1 1 
1 1 1 1 1 1 1 1 1 1 1 1 1 1 1 
1 1 1 1 1 1 1 1 1 1 1 1 1 1 1 
1 1 1 1 1 1 1 1 1 1 1 1 1 1 1 
1 1 1 1 1 1 1 1 1 1 1 1 1 1 1 
plexiglasswalls
3.15 9.45	5.25 9.45
5.95 1.05	3.85 1.05
4.55 2.45	6.65 2.45
5.95 4.55	3.85 4.55
2.45 5.95	0.35 5.95
9.45 5.25	7.35 5.25
8.75 1.05	6.65 1.05
7.35 9.45	9.45 9.45
9.45 8.05	7.35 8.05
8.75 7.35	8.75 5.25
3.15 8.05	5.25 8.05
3.85 2.45	1.75 2.45
2.45 3.85	0.35 3.85
8.75 4.55	8.75 2.45
3.15 8.75	3.15 6.65
endplex
boundarywalls
endbound
