R
0.7
1.4
HV
15
15
1 1 1 1 1 1 1 1 1 1 1 1 1 1 1 
1 1 1 1 1 1 1 1 1 1 1 1 1 1 1 
1 1 1 1 1 1 1 1 1 1 1 1 1 1 1 
1 1 1 1 1 1 1 1 1 1 1 1 1 1 1 
1 1 1 1 1 1 1 1 1 1 1 1 1 1 1 
1 1 1 1 1 1 1 1 1 1 1 1 1 1 1 
1 1 1 1 1 1 1 1 1 1 1 1 1 1 1 
1 1 1 1 1 1 1 1 1 1 1 1 1 1 1 
1 1 1 1 1 1 1 1 1 1 1 1 1 1 1 
1 1 1 1 1 1 1 1 1 1 1 1 1 1 1 
1 1 1 1 1 1 1 1 1 1 1 1 1 1 1 
1 1 1 1 1 1 1 1 1 1 1 1 1 1 1 
1 1 1 1 1 1 1 1 1 1 1 1 1 1 1 
1 1 1 1 1 1 1 1 1 1 1 1 1 1 1 
1 1 1 1 1 1 1 1 1 1 1 1 1 1 1 
plexiglasswalls
3.85 8.75	3.85 7.35
5.95 6.65	7.35 6.65
6.65 2.45	6.65 1.05
5.25 2.45	5.25 3.85
8.05 5.25	8.05 6.65
9.45 3.15	8.05 3.15
3.15 5.25	4.55 5.25
8.75 1.75	10.15 1.75
5.95 8.75	7.35 8.75
8.05 4.55	6.65 4.55
8.75 5.95	10.15 5.95
2.45 9.45	1.05 9.45
3.85 3.15	3.85 4.55
1.05 1.05	2.45 1.05
1.05 3.85	1.05 5.25
endplex
boundarywalls
endbound
