R
0.7
1.4
HV
15
15
1 1 1 1 1 1 1 1 1 1 1 1 1 1 1 
1 1 1 1 1 1 1 1 1 1 1 1 1 1 1 
1 1 1 1 1 1 1 1 1 1 1 1 1 1 1 
1 1 1 1 1 1 1 1 1 1 1 1 1 1 1 
1 1 1 1 1 1 1 1 1 1 1 1 1 1 1 
1 1 1 1 1 1 1 1 1 1 1 1 1 1 1 
1 1 1 1 1 1 1 1 1 1 1 1 1 1 1 
1 1 1 1 1 1 1 1 1 1 1 1 1 1 1 
1 1 1 1 1 1 1 1 1 1 1 1 1 1 1 
1 1 1 1 1 1 1 1 1 1 1 1 1 1 1 
1 1 1 1 1 1 1 1 1 1 1 1 1 1 1 
1 1 1 1 1 1 1 1 1 1 1 1 1 1 1 
1 1 1 1 1 1 1 1 1 1 1 1 1 1 1 
1 1 1 1 1 1 1 1 1 1 1 1 1 1 1 
1 1 1 1 1 1 1 1 1 1 1 1 1 1 1 
plexiglasswalls
3.85 3.15	3.85 1.75
6.65 3.15	6.65 4.55
7.35 3.15	7.35 1.75
5.95 6.65	5.95 5.25
3.15 5.25	3.15 3.85
4.55 4.55	5.95 4.55
1.05 8.75	2.45 8.75
4.55 6.65	4.55 8.05
1.05 3.15	1.05 4.55
8.05 8.05	8.05 9.45
8.75 5.95	10.15 5.95
3.85 9.45	2.45 9.45
1.75 4.55	1.75 5.95
1.75 3.15	1.75 1.75
7.35 8.75	5.95 8.75
endplex
boundarywalls
endbound
