R
0.7
2.8
HV
15
15
1 1 1 1 1 1 1 1 1 1 1 1 1 1 1 
1 1 1 1 1 1 1 1 1 1 1 1 1 1 1 
1 1 1 1 1 1 1 1 1 1 1 1 1 1 1 
1 1 1 1 1 1 1 1 1 1 1 1 1 1 1 
1 1 1 1 1 1 1 1 1 1 1 1 1 1 1 
1 1 1 1 1 1 1 1 1 1 1 1 1 1 1 
1 1 1 1 1 1 1 1 1 1 1 1 1 1 1 
1 1 1 1 1 1 1 1 1 1 1 1 1 1 1 
1 1 1 1 1 1 1 1 1 1 1 1 1 1 1 
1 1 1 1 1 1 1 1 1 1 1 1 1 1 1 
1 1 1 1 1 1 1 1 1 1 1 1 1 1 1 
1 1 1 1 1 1 1 1 1 1 1 1 1 1 1 
1 1 1 1 1 1 1 1 1 1 1 1 1 1 1 
1 1 1 1 1 1 1 1 1 1 1 1 1 1 1 
1 1 1 1 1 1 1 1 1 1 1 1 1 1 1 
plexiglasswalls
3.85 7.35	3.85 4.55
6.65 5.95	6.65 8.75
8.05 1.75	5.25 1.75
8.75 6.65	8.75 3.85
5.25 5.95	5.25 3.15
2.45 5.95	2.45 3.15
1.75 6.65	1.75 9.45
4.55 2.45	1.75 2.45
6.65 5.25	6.65 2.45
6.65 9.45	9.45 9.45
5.25 1.05	2.45 1.05
1.05 2.45	1.05 5.25
7.35 3.15	10.15 3.15
4.55 7.35	4.55 10.15
7.35 8.05	10.15 8.05
endplex
boundarywalls
endbound
