R
0.7
2.0999999999999996
HV
15
15
1 1 1 1 1 1 1 1 1 1 1 1 1 1 1 
1 1 1 1 1 1 1 1 1 1 1 1 1 1 1 
1 1 1 1 1 1 1 1 1 1 1 1 1 1 1 
1 1 1 1 1 1 1 1 1 1 1 1 1 1 1 
1 1 1 1 1 1 1 1 1 1 1 1 1 1 1 
1 1 1 1 1 1 1 1 1 1 1 1 1 1 1 
1 1 1 1 1 1 1 1 1 1 1 1 1 1 1 
1 1 1 1 1 1 1 1 1 1 1 1 1 1 1 
1 1 1 1 1 1 1 1 1 1 1 1 1 1 1 
1 1 1 1 1 1 1 1 1 1 1 1 1 1 1 
1 1 1 1 1 1 1 1 1 1 1 1 1 1 1 
1 1 1 1 1 1 1 1 1 1 1 1 1 1 1 
1 1 1 1 1 1 1 1 1 1 1 1 1 1 1 
1 1 1 1 1 1 1 1 1 1 1 1 1 1 1 
1 1 1 1 1 1 1 1 1 1 1 1 1 1 1 
plexiglasswalls
4.55 3.85	2.45 3.85
3.85 4.55	3.85 6.65
1.75 6.65	1.75 4.55
5.95 7.35	5.95 5.25
3.15 9.45	1.05 9.45
6.65 8.05	6.65 10.15
9.45 2.45	9.45 4.55
5.25 4.55	5.25 2.45
7.35 6.65	7.35 4.55
8.05 2.45	8.05 0.35
6.65 2.45	6.65 4.55
6.65 7.35	8.75 7.35
8.05 4.55	10.15 4.55
8.75 8.05	8.75 10.15
2.45 1.05	0.35 1.05
endplex
boundarywalls
endbound
