R
0.7
2.0999999999999996
HV
15
15
1 1 1 1 1 1 1 1 1 1 1 1 1 1 1 
1 1 1 1 1 1 1 1 1 1 1 1 1 1 1 
1 1 1 1 1 1 1 1 1 1 1 1 1 1 1 
1 1 1 1 1 1 1 1 1 1 1 1 1 1 1 
1 1 1 1 1 1 1 1 1 1 1 1 1 1 1 
1 1 1 1 1 1 1 1 1 1 1 1 1 1 1 
1 1 1 1 1 1 1 1 1 1 1 1 1 1 1 
1 1 1 1 1 1 1 1 1 1 1 1 1 1 1 
1 1 1 1 1 1 1 1 1 1 1 1 1 1 1 
1 1 1 1 1 1 1 1 1 1 1 1 1 1 1 
1 1 1 1 1 1 1 1 1 1 1 1 1 1 1 
1 1 1 1 1 1 1 1 1 1 1 1 1 1 1 
1 1 1 1 1 1 1 1 1 1 1 1 1 1 1 
1 1 1 1 1 1 1 1 1 1 1 1 1 1 1 
1 1 1 1 1 1 1 1 1 1 1 1 1 1 1 
plexiglasswalls
1.05 8.05	3.15 8.05
6.65 3.15	6.65 1.05
5.25 8.05	5.25 5.95
8.75 3.85	6.65 3.85
8.75 4.55	8.75 6.65
5.95 2.45	3.85 2.45
3.85 5.95	3.85 8.05
7.35 8.05	9.45 8.05
1.75 5.95	1.75 3.85
8.05 5.25	5.95 5.25
4.55 4.55	2.45 4.55
2.45 9.45	0.35 9.45
2.45 5.95	2.45 8.05
2.45 1.05	4.55 1.05
7.35 2.45	9.45 2.45
endplex
boundarywalls
endbound
