R
0.7
0.7
HV
15
15
1 1 1 1 1 1 1 1 1 1 1 1 1 1 1 
1 1 1 1 1 1 1 1 1 1 1 1 1 1 1 
1 1 1 1 1 1 1 1 1 1 1 1 1 1 1 
1 1 1 1 1 1 1 1 1 1 1 1 1 1 1 
1 1 1 1 1 1 1 1 1 1 1 1 1 1 1 
1 1 1 1 1 1 1 1 1 1 1 1 1 1 1 
1 1 1 1 1 1 1 1 1 1 1 1 1 1 1 
1 1 1 1 1 1 1 1 1 1 1 1 1 1 1 
1 1 1 1 1 1 1 1 1 1 1 1 1 1 1 
1 1 1 1 1 1 1 1 1 1 1 1 1 1 1 
1 1 1 1 1 1 1 1 1 1 1 1 1 1 1 
1 1 1 1 1 1 1 1 1 1 1 1 1 1 1 
1 1 1 1 1 1 1 1 1 1 1 1 1 1 1 
1 1 1 1 1 1 1 1 1 1 1 1 1 1 1 
1 1 1 1 1 1 1 1 1 1 1 1 1 1 1 
plexiglasswalls
4.55 1.75	4.55 2.45
5.95 5.95	6.65 5.95
6.65 5.25	7.35 5.25
5.25 4.55	5.25 3.85
1.05 3.85	0.35 3.85
4.55 9.45	4.55 8.75
7.35 3.15	6.65 3.15
1.75 5.95	1.75 6.65
8.05 9.45	7.35 9.45
3.85 7.35	3.15 7.35
5.25 2.45	5.25 3.15
9.45 7.35	8.75 7.35
4.55 6.65	4.55 5.95
7.35 1.75	8.05 1.75
8.75 2.45	8.05 2.45
endplex
boundarywalls
endbound
