R
0.7
2.0999999999999996
HV
15
15
1 1 1 1 1 1 1 1 1 1 1 1 1 1 1 
1 1 1 1 1 1 1 1 1 1 1 1 1 1 1 
1 1 1 1 1 1 1 1 1 1 1 1 1 1 1 
1 1 1 1 1 1 1 1 1 1 1 1 1 1 1 
1 1 1 1 1 1 1 1 1 1 1 1 1 1 1 
1 1 1 1 1 1 1 1 1 1 1 1 1 1 1 
1 1 1 1 1 1 1 1 1 1 1 1 1 1 1 
1 1 1 1 1 1 1 1 1 1 1 1 1 1 1 
1 1 1 1 1 1 1 1 1 1 1 1 1 1 1 
1 1 1 1 1 1 1 1 1 1 1 1 1 1 1 
1 1 1 1 1 1 1 1 1 1 1 1 1 1 1 
1 1 1 1 1 1 1 1 1 1 1 1 1 1 1 
1 1 1 1 1 1 1 1 1 1 1 1 1 1 1 
1 1 1 1 1 1 1 1 1 1 1 1 1 1 1 
1 1 1 1 1 1 1 1 1 1 1 1 1 1 1 
plexiglasswalls
7.35 8.75	9.45 8.75
5.25 6.65	5.25 8.75
1.75 3.15	1.75 5.25
3.15 9.45	3.15 7.35
6.65 1.05	6.65 3.15
7.35 5.25	5.25 5.25
2.45 1.05	2.45 3.15
1.75 5.95	1.75 8.05
4.55 4.55	4.55 6.65
6.65 8.05	6.65 10.15
3.15 3.15	5.25 3.15
8.75 3.15	8.75 5.25
8.05 5.25	8.05 7.35
3.15 1.75	5.25 1.75
6.65 7.35	8.75 7.35
endplex
boundarywalls
endbound
