R
0.7
1.4
HV
15
15
1 1 1 1 1 1 1 1 1 1 1 1 1 1 1 
1 1 1 1 1 1 1 1 1 1 1 1 1 1 1 
1 1 1 1 1 1 1 1 1 1 1 1 1 1 1 
1 1 1 1 1 1 1 1 1 1 1 1 1 1 1 
1 1 1 1 1 1 1 1 1 1 1 1 1 1 1 
1 1 1 1 1 1 1 1 1 1 1 1 1 1 1 
1 1 1 1 1 1 1 1 1 1 1 1 1 1 1 
1 1 1 1 1 1 1 1 1 1 1 1 1 1 1 
1 1 1 1 1 1 1 1 1 1 1 1 1 1 1 
1 1 1 1 1 1 1 1 1 1 1 1 1 1 1 
1 1 1 1 1 1 1 1 1 1 1 1 1 1 1 
1 1 1 1 1 1 1 1 1 1 1 1 1 1 1 
1 1 1 1 1 1 1 1 1 1 1 1 1 1 1 
1 1 1 1 1 1 1 1 1 1 1 1 1 1 1 
1 1 1 1 1 1 1 1 1 1 1 1 1 1 1 
plexiglasswalls
6.65 5.25	5.25 5.25
8.75 7.35	7.35 7.35
8.75 1.05	8.75 2.45
1.75 8.75	3.15 8.75
3.85 5.25	3.85 6.65
4.55 7.35	4.55 8.75
5.25 3.15	5.25 4.55
9.45 3.85	9.45 2.45
6.65 1.05	8.05 1.05
4.55 1.75	4.55 3.15
3.85 9.45	5.25 9.45
1.75 4.55	0.35 4.55
7.35 3.15	5.95 3.15
5.95 5.95	5.95 7.35
8.75 9.45	8.75 8.05
endplex
boundarywalls
endbound
