R
0.7
2.8
HV
15
15
1 1 1 1 1 1 1 1 1 1 1 1 1 1 1 
1 1 1 1 1 1 1 1 1 1 1 1 1 1 1 
1 1 1 1 1 1 1 1 1 1 1 1 1 1 1 
1 1 1 1 1 1 1 1 1 1 1 1 1 1 1 
1 1 1 1 1 1 1 1 1 1 1 1 1 1 1 
1 1 1 1 1 1 1 1 1 1 1 1 1 1 1 
1 1 1 1 1 1 1 1 1 1 1 1 1 1 1 
1 1 1 1 1 1 1 1 1 1 1 1 1 1 1 
1 1 1 1 1 1 1 1 1 1 1 1 1 1 1 
1 1 1 1 1 1 1 1 1 1 1 1 1 1 1 
1 1 1 1 1 1 1 1 1 1 1 1 1 1 1 
1 1 1 1 1 1 1 1 1 1 1 1 1 1 1 
1 1 1 1 1 1 1 1 1 1 1 1 1 1 1 
1 1 1 1 1 1 1 1 1 1 1 1 1 1 1 
1 1 1 1 1 1 1 1 1 1 1 1 1 1 1 
plexiglasswalls
7.35 5.95	7.35 8.75
8.75 4.55	8.75 1.75
3.85 8.75	6.65 8.75
7.35 5.25	10.15 5.25
1.05 8.05	3.85 8.05
1.75 1.05	1.75 3.85
5.25 2.45	5.25 5.25
1.05 6.65	3.85 6.65
6.65 3.15	6.65 5.95
8.75 7.35	8.75 10.15
4.55 8.05	4.55 5.25
3.15 1.75	5.95 1.75
7.35 3.15	7.35 0.35
1.05 4.55	3.85 4.55
1.05 8.75	1.05 5.95
endplex
boundarywalls
endbound
