R
0.7
0.7
HV
15
15
1 1 1 1 1 1 1 1 1 1 1 1 1 1 1 
1 1 1 1 1 1 1 1 1 1 1 1 1 1 1 
1 1 1 1 1 1 1 1 1 1 1 1 1 1 1 
1 1 1 1 1 1 1 1 1 1 1 1 1 1 1 
1 1 1 1 1 1 1 1 1 1 1 1 1 1 1 
1 1 1 1 1 1 1 1 1 1 1 1 1 1 1 
1 1 1 1 1 1 1 1 1 1 1 1 1 1 1 
1 1 1 1 1 1 1 1 1 1 1 1 1 1 1 
1 1 1 1 1 1 1 1 1 1 1 1 1 1 1 
1 1 1 1 1 1 1 1 1 1 1 1 1 1 1 
1 1 1 1 1 1 1 1 1 1 1 1 1 1 1 
1 1 1 1 1 1 1 1 1 1 1 1 1 1 1 
1 1 1 1 1 1 1 1 1 1 1 1 1 1 1 
1 1 1 1 1 1 1 1 1 1 1 1 1 1 1 
1 1 1 1 1 1 1 1 1 1 1 1 1 1 1 
plexiglasswalls
1.75 8.05	2.45 8.05
1.05 9.45	1.05 10.15
7.35 2.45	7.35 1.75
8.75 9.45	8.05 9.45
3.85 6.65	3.85 5.95
4.55 4.55	5.25 4.55
8.05 6.65	7.35 6.65
1.05 5.95	1.05 5.25
4.55 1.05	3.85 1.05
8.75 3.15	8.05 3.15
1.75 7.35	1.75 6.65
3.15 5.25	2.45 5.25
1.05 3.85	1.05 3.15
4.55 2.45	5.25 2.45
5.25 6.65	4.55 6.65
endplex
boundarywalls
endbound
