R
0.7
2.8
HV
15
15
1 1 1 1 1 1 1 1 1 1 1 1 1 1 1 
1 1 1 1 1 1 1 1 1 1 1 1 1 1 1 
1 1 1 1 1 1 1 1 1 1 1 1 1 1 1 
1 1 1 1 1 1 1 1 1 1 1 1 1 1 1 
1 1 1 1 1 1 1 1 1 1 1 1 1 1 1 
1 1 1 1 1 1 1 1 1 1 1 1 1 1 1 
1 1 1 1 1 1 1 1 1 1 1 1 1 1 1 
1 1 1 1 1 1 1 1 1 1 1 1 1 1 1 
1 1 1 1 1 1 1 1 1 1 1 1 1 1 1 
1 1 1 1 1 1 1 1 1 1 1 1 1 1 1 
1 1 1 1 1 1 1 1 1 1 1 1 1 1 1 
1 1 1 1 1 1 1 1 1 1 1 1 1 1 1 
1 1 1 1 1 1 1 1 1 1 1 1 1 1 1 
1 1 1 1 1 1 1 1 1 1 1 1 1 1 1 
1 1 1 1 1 1 1 1 1 1 1 1 1 1 1 
plexiglasswalls
3.15 5.25	5.95 5.25
6.65 8.75	9.45 8.75
5.95 2.45	3.15 2.45
9.45 4.55	9.45 1.75
6.65 3.15	6.65 5.95
8.05 1.75	8.05 4.55
1.75 9.45	4.55 9.45
8.75 7.35	8.75 4.55
1.75 3.85	1.75 6.65
5.95 8.75	5.95 5.95
3.15 8.75	3.15 5.95
8.75 1.05	5.95 1.05
1.05 7.35	1.05 10.15
2.45 3.85	5.25 3.85
4.55 8.75	4.55 5.95
endplex
boundarywalls
endbound
