R
0.7
1.4
HV
15
15
1 1 1 1 1 1 1 1 1 1 1 1 1 1 1 
1 1 1 1 1 1 1 1 1 1 1 1 1 1 1 
1 1 1 1 1 1 1 1 1 1 1 1 1 1 1 
1 1 1 1 1 1 1 1 1 1 1 1 1 1 1 
1 1 1 1 1 1 1 1 1 1 1 1 1 1 1 
1 1 1 1 1 1 1 1 1 1 1 1 1 1 1 
1 1 1 1 1 1 1 1 1 1 1 1 1 1 1 
1 1 1 1 1 1 1 1 1 1 1 1 1 1 1 
1 1 1 1 1 1 1 1 1 1 1 1 1 1 1 
1 1 1 1 1 1 1 1 1 1 1 1 1 1 1 
1 1 1 1 1 1 1 1 1 1 1 1 1 1 1 
1 1 1 1 1 1 1 1 1 1 1 1 1 1 1 
1 1 1 1 1 1 1 1 1 1 1 1 1 1 1 
1 1 1 1 1 1 1 1 1 1 1 1 1 1 1 
1 1 1 1 1 1 1 1 1 1 1 1 1 1 1 
plexiglasswalls
3.85 2.45	5.25 2.45
7.35 5.95	8.75 5.95
1.75 5.25	3.15 5.25
8.75 2.45	8.75 1.05
7.35 1.05	7.35 2.45
9.45 8.05	9.45 9.45
5.95 1.75	5.95 0.35
7.35 3.15	7.35 4.55
1.05 1.75	1.05 3.15
4.55 8.75	5.95 8.75
7.35 9.45	7.35 8.05
9.45 3.85	8.05 3.85
3.85 9.45	2.45 9.45
4.55 5.25	4.55 3.85
1.05 8.05	1.05 6.65
endplex
boundarywalls
endbound
