R
0.7
2.8
HV
15
15
1 1 1 1 1 1 1 1 1 1 1 1 1 1 1 
1 1 1 1 1 1 1 1 1 1 1 1 1 1 1 
1 1 1 1 1 1 1 1 1 1 1 1 1 1 1 
1 1 1 1 1 1 1 1 1 1 1 1 1 1 1 
1 1 1 1 1 1 1 1 1 1 1 1 1 1 1 
1 1 1 1 1 1 1 1 1 1 1 1 1 1 1 
1 1 1 1 1 1 1 1 1 1 1 1 1 1 1 
1 1 1 1 1 1 1 1 1 1 1 1 1 1 1 
1 1 1 1 1 1 1 1 1 1 1 1 1 1 1 
1 1 1 1 1 1 1 1 1 1 1 1 1 1 1 
1 1 1 1 1 1 1 1 1 1 1 1 1 1 1 
1 1 1 1 1 1 1 1 1 1 1 1 1 1 1 
1 1 1 1 1 1 1 1 1 1 1 1 1 1 1 
1 1 1 1 1 1 1 1 1 1 1 1 1 1 1 
1 1 1 1 1 1 1 1 1 1 1 1 1 1 1 
plexiglasswalls
3.85 5.25	6.65 5.25
3.85 6.65	3.85 3.85
2.45 8.05	2.45 5.25
8.05 1.75	5.25 1.75
8.75 3.85	5.95 3.85
2.45 3.15	2.45 0.35
9.45 9.45	9.45 6.65
7.35 7.35	7.35 4.55
7.35 8.05	4.55 8.05
1.05 3.15	1.05 5.95
5.95 9.45	3.15 9.45
5.25 3.85	5.25 1.05
9.45 5.95	9.45 3.15
3.85 3.15	3.85 0.35
1.05 9.45	1.05 6.65
endplex
boundarywalls
endbound
