R
0.7
2.8
HV
15
15
1 1 1 1 1 1 1 1 1 1 1 1 1 1 1 
1 1 1 1 1 1 1 1 1 1 1 1 1 1 1 
1 1 1 1 1 1 1 1 1 1 1 1 1 1 1 
1 1 1 1 1 1 1 1 1 1 1 1 1 1 1 
1 1 1 1 1 1 1 1 1 1 1 1 1 1 1 
1 1 1 1 1 1 1 1 1 1 1 1 1 1 1 
1 1 1 1 1 1 1 1 1 1 1 1 1 1 1 
1 1 1 1 1 1 1 1 1 1 1 1 1 1 1 
1 1 1 1 1 1 1 1 1 1 1 1 1 1 1 
1 1 1 1 1 1 1 1 1 1 1 1 1 1 1 
1 1 1 1 1 1 1 1 1 1 1 1 1 1 1 
1 1 1 1 1 1 1 1 1 1 1 1 1 1 1 
1 1 1 1 1 1 1 1 1 1 1 1 1 1 1 
1 1 1 1 1 1 1 1 1 1 1 1 1 1 1 
1 1 1 1 1 1 1 1 1 1 1 1 1 1 1 
plexiglasswalls
8.75 3.15	8.75 5.95
8.05 3.85	5.25 3.85
5.25 5.95	5.25 3.15
3.15 9.45	0.35 9.45
8.05 1.75	5.25 1.75
3.15 3.15	3.15 0.35
4.55 7.35	4.55 10.15
1.05 8.05	1.05 5.25
8.75 8.05	5.95 8.05
1.05 6.65	3.85 6.65
6.65 9.45	9.45 9.45
1.75 3.85	4.55 3.85
4.55 5.25	1.75 5.25
1.75 4.55	1.75 1.75
7.35 5.25	7.35 8.05
endplex
boundarywalls
endbound
