R
0.7
0.7
HV
15
15
1 1 1 1 1 1 1 1 1 1 1 1 1 1 1 
1 1 1 1 1 1 1 1 1 1 1 1 1 1 1 
1 1 1 1 1 1 1 1 1 1 1 1 1 1 1 
1 1 1 1 1 1 1 1 1 1 1 1 1 1 1 
1 1 1 1 1 1 1 1 1 1 1 1 1 1 1 
1 1 1 1 1 1 1 1 1 1 1 1 1 1 1 
1 1 1 1 1 1 1 1 1 1 1 1 1 1 1 
1 1 1 1 1 1 1 1 1 1 1 1 1 1 1 
1 1 1 1 1 1 1 1 1 1 1 1 1 1 1 
1 1 1 1 1 1 1 1 1 1 1 1 1 1 1 
1 1 1 1 1 1 1 1 1 1 1 1 1 1 1 
1 1 1 1 1 1 1 1 1 1 1 1 1 1 1 
1 1 1 1 1 1 1 1 1 1 1 1 1 1 1 
1 1 1 1 1 1 1 1 1 1 1 1 1 1 1 
1 1 1 1 1 1 1 1 1 1 1 1 1 1 1 
plexiglasswalls
5.95 7.35	5.95 8.05
5.25 2.45	5.25 3.15
3.15 1.75	2.45 1.75
3.85 5.25	3.85 4.55
4.55 1.05	4.55 0.35
1.75 2.45	1.75 3.15
2.45 5.25	1.75 5.25
8.05 3.85	8.05 4.55
3.85 3.85	4.55 3.85
3.85 6.65	3.85 7.35
4.55 6.65	4.55 5.95
8.05 7.35	8.75 7.35
9.45 5.25	9.45 5.95
3.15 7.35	3.15 8.05
1.05 8.75	1.05 8.05
endplex
boundarywalls
endbound
