R
0.7
0.7
HV
15
15
1 1 1 1 1 1 1 1 1 1 1 1 1 1 1 
1 1 1 1 1 1 1 1 1 1 1 1 1 1 1 
1 1 1 1 1 1 1 1 1 1 1 1 1 1 1 
1 1 1 1 1 1 1 1 1 1 1 1 1 1 1 
1 1 1 1 1 1 1 1 1 1 1 1 1 1 1 
1 1 1 1 1 1 1 1 1 1 1 1 1 1 1 
1 1 1 1 1 1 1 1 1 1 1 1 1 1 1 
1 1 1 1 1 1 1 1 1 1 1 1 1 1 1 
1 1 1 1 1 1 1 1 1 1 1 1 1 1 1 
1 1 1 1 1 1 1 1 1 1 1 1 1 1 1 
1 1 1 1 1 1 1 1 1 1 1 1 1 1 1 
1 1 1 1 1 1 1 1 1 1 1 1 1 1 1 
1 1 1 1 1 1 1 1 1 1 1 1 1 1 1 
1 1 1 1 1 1 1 1 1 1 1 1 1 1 1 
1 1 1 1 1 1 1 1 1 1 1 1 1 1 1 
plexiglasswalls
8.05 6.65	8.05 5.95
1.05 1.05	1.75 1.05
9.45 1.05	9.45 0.35
5.25 5.25	4.55 5.25
5.95 9.45	5.95 8.75
9.45 8.75	8.75 8.75
4.55 8.05	4.55 7.35
7.35 3.15	6.65 3.15
8.05 1.05	8.75 1.05
1.75 9.45	1.05 9.45
5.95 5.25	5.95 4.55
1.05 5.95	1.05 5.25
3.15 3.15	3.15 2.45
2.45 7.35	2.45 6.65
3.15 8.75	3.15 8.05
endplex
boundarywalls
endbound
