R
0.7
1.4
HV
15
15
1 1 1 1 1 1 1 1 1 1 1 1 1 1 1 
1 1 1 1 1 1 1 1 1 1 1 1 1 1 1 
1 1 1 1 1 1 1 1 1 1 1 1 1 1 1 
1 1 1 1 1 1 1 1 1 1 1 1 1 1 1 
1 1 1 1 1 1 1 1 1 1 1 1 1 1 1 
1 1 1 1 1 1 1 1 1 1 1 1 1 1 1 
1 1 1 1 1 1 1 1 1 1 1 1 1 1 1 
1 1 1 1 1 1 1 1 1 1 1 1 1 1 1 
1 1 1 1 1 1 1 1 1 1 1 1 1 1 1 
1 1 1 1 1 1 1 1 1 1 1 1 1 1 1 
1 1 1 1 1 1 1 1 1 1 1 1 1 1 1 
1 1 1 1 1 1 1 1 1 1 1 1 1 1 1 
1 1 1 1 1 1 1 1 1 1 1 1 1 1 1 
1 1 1 1 1 1 1 1 1 1 1 1 1 1 1 
1 1 1 1 1 1 1 1 1 1 1 1 1 1 1 
plexiglasswalls
3.15 3.15	4.55 3.15
2.45 3.85	2.45 2.45
1.05 2.45	1.05 1.05
3.15 1.05	4.55 1.05
3.15 3.85	3.15 5.25
1.05 4.55	1.05 5.95
5.25 2.45	5.25 1.05
8.75 6.65	8.75 5.25
2.45 8.75	1.05 8.75
5.95 8.05	7.35 8.05
8.05 1.75	6.65 1.75
8.05 3.85	6.65 3.85
4.55 3.85	5.95 3.85
5.25 9.45	3.85 9.45
6.65 5.95	5.25 5.95
endplex
boundarywalls
endbound
