R
0.7
2.8
HV
15
15
1 1 1 1 1 1 1 1 1 1 1 1 1 1 1 
1 1 1 1 1 1 1 1 1 1 1 1 1 1 1 
1 1 1 1 1 1 1 1 1 1 1 1 1 1 1 
1 1 1 1 1 1 1 1 1 1 1 1 1 1 1 
1 1 1 1 1 1 1 1 1 1 1 1 1 1 1 
1 1 1 1 1 1 1 1 1 1 1 1 1 1 1 
1 1 1 1 1 1 1 1 1 1 1 1 1 1 1 
1 1 1 1 1 1 1 1 1 1 1 1 1 1 1 
1 1 1 1 1 1 1 1 1 1 1 1 1 1 1 
1 1 1 1 1 1 1 1 1 1 1 1 1 1 1 
1 1 1 1 1 1 1 1 1 1 1 1 1 1 1 
1 1 1 1 1 1 1 1 1 1 1 1 1 1 1 
1 1 1 1 1 1 1 1 1 1 1 1 1 1 1 
1 1 1 1 1 1 1 1 1 1 1 1 1 1 1 
1 1 1 1 1 1 1 1 1 1 1 1 1 1 1 
plexiglasswalls
5.25 1.75	2.45 1.75
5.95 4.55	5.95 1.75
6.65 6.65	9.45 6.65
7.35 1.05	10.15 1.05
2.45 3.85	5.25 3.85
5.95 5.95	3.15 5.95
1.75 3.15	1.75 0.35
5.95 6.65	5.95 9.45
9.45 8.05	6.65 8.05
2.45 8.75	5.25 8.75
5.25 7.35	2.45 7.35
9.45 5.25	6.65 5.25
5.95 2.45	8.75 2.45
1.05 7.35	1.05 10.15
9.45 3.85	6.65 3.85
endplex
boundarywalls
endbound
