R
0.7
1.4
HV
15
15
1 1 1 1 1 1 1 1 1 1 1 1 1 1 1 
1 1 1 1 1 1 1 1 1 1 1 1 1 1 1 
1 1 1 1 1 1 1 1 1 1 1 1 1 1 1 
1 1 1 1 1 1 1 1 1 1 1 1 1 1 1 
1 1 1 1 1 1 1 1 1 1 1 1 1 1 1 
1 1 1 1 1 1 1 1 1 1 1 1 1 1 1 
1 1 1 1 1 1 1 1 1 1 1 1 1 1 1 
1 1 1 1 1 1 1 1 1 1 1 1 1 1 1 
1 1 1 1 1 1 1 1 1 1 1 1 1 1 1 
1 1 1 1 1 1 1 1 1 1 1 1 1 1 1 
1 1 1 1 1 1 1 1 1 1 1 1 1 1 1 
1 1 1 1 1 1 1 1 1 1 1 1 1 1 1 
1 1 1 1 1 1 1 1 1 1 1 1 1 1 1 
1 1 1 1 1 1 1 1 1 1 1 1 1 1 1 
1 1 1 1 1 1 1 1 1 1 1 1 1 1 1 
plexiglasswalls
1.05 5.95	1.05 4.55
8.75 4.55	7.35 4.55
8.75 1.05	10.15 1.05
8.05 7.35	8.05 5.95
8.05 2.45	8.05 3.85
3.15 9.45	3.15 8.05
7.35 8.75	7.35 7.35
2.45 5.95	2.45 7.35
6.65 1.05	8.05 1.05
2.45 3.15	2.45 1.75
9.45 3.85	9.45 2.45
4.55 8.05	5.95 8.05
1.75 8.05	0.35 8.05
1.75 3.15	1.75 4.55
4.55 4.55	4.55 3.15
endplex
boundarywalls
endbound
