R
0.7
2.0999999999999996
HV
15
15
1 1 1 1 1 1 1 1 1 1 1 1 1 1 1 
1 1 1 1 1 1 1 1 1 1 1 1 1 1 1 
1 1 1 1 1 1 1 1 1 1 1 1 1 1 1 
1 1 1 1 1 1 1 1 1 1 1 1 1 1 1 
1 1 1 1 1 1 1 1 1 1 1 1 1 1 1 
1 1 1 1 1 1 1 1 1 1 1 1 1 1 1 
1 1 1 1 1 1 1 1 1 1 1 1 1 1 1 
1 1 1 1 1 1 1 1 1 1 1 1 1 1 1 
1 1 1 1 1 1 1 1 1 1 1 1 1 1 1 
1 1 1 1 1 1 1 1 1 1 1 1 1 1 1 
1 1 1 1 1 1 1 1 1 1 1 1 1 1 1 
1 1 1 1 1 1 1 1 1 1 1 1 1 1 1 
1 1 1 1 1 1 1 1 1 1 1 1 1 1 1 
1 1 1 1 1 1 1 1 1 1 1 1 1 1 1 
1 1 1 1 1 1 1 1 1 1 1 1 1 1 1 
plexiglasswalls
5.25 7.35	3.15 7.35
6.65 9.45	8.75 9.45
4.55 3.15	2.45 3.15
5.95 3.85	5.95 5.95
8.05 1.05	8.05 3.15
1.05 9.45	3.15 9.45
1.75 8.75	1.75 6.65
1.05 3.85	1.05 1.75
9.45 3.85	7.35 3.85
1.05 5.95	3.15 5.95
5.25 6.65	7.35 6.65
4.55 1.75	2.45 1.75
4.55 2.45	6.65 2.45
9.45 8.05	9.45 5.95
3.85 5.95	3.85 3.85
endplex
boundarywalls
endbound
