R
0.7
1.4
HV
15
15
1 1 1 1 1 1 1 1 1 1 1 1 1 1 1 
1 1 1 1 1 1 1 1 1 1 1 1 1 1 1 
1 1 1 1 1 1 1 1 1 1 1 1 1 1 1 
1 1 1 1 1 1 1 1 1 1 1 1 1 1 1 
1 1 1 1 1 1 1 1 1 1 1 1 1 1 1 
1 1 1 1 1 1 1 1 1 1 1 1 1 1 1 
1 1 1 1 1 1 1 1 1 1 1 1 1 1 1 
1 1 1 1 1 1 1 1 1 1 1 1 1 1 1 
1 1 1 1 1 1 1 1 1 1 1 1 1 1 1 
1 1 1 1 1 1 1 1 1 1 1 1 1 1 1 
1 1 1 1 1 1 1 1 1 1 1 1 1 1 1 
1 1 1 1 1 1 1 1 1 1 1 1 1 1 1 
1 1 1 1 1 1 1 1 1 1 1 1 1 1 1 
1 1 1 1 1 1 1 1 1 1 1 1 1 1 1 
1 1 1 1 1 1 1 1 1 1 1 1 1 1 1 
plexiglasswalls
6.65 6.65	8.05 6.65
1.75 2.45	0.35 2.45
1.05 3.15	1.05 4.55
4.55 7.35	4.55 8.75
7.35 5.95	7.35 4.55
8.75 7.35	8.75 5.95
3.85 2.45	3.85 1.05
1.05 1.05	2.45 1.05
5.95 3.85	5.95 5.25
1.75 7.35	0.35 7.35
5.25 1.75	5.25 0.35
2.45 4.55	3.85 4.55
9.45 2.45	9.45 3.85
3.15 3.85	3.15 2.45
9.45 8.75	9.45 7.35
endplex
boundarywalls
endbound
