R
0.7
2.0999999999999996
HV
15
15
1 1 1 1 1 1 1 1 1 1 1 1 1 1 1 
1 1 1 1 1 1 1 1 1 1 1 1 1 1 1 
1 1 1 1 1 1 1 1 1 1 1 1 1 1 1 
1 1 1 1 1 1 1 1 1 1 1 1 1 1 1 
1 1 1 1 1 1 1 1 1 1 1 1 1 1 1 
1 1 1 1 1 1 1 1 1 1 1 1 1 1 1 
1 1 1 1 1 1 1 1 1 1 1 1 1 1 1 
1 1 1 1 1 1 1 1 1 1 1 1 1 1 1 
1 1 1 1 1 1 1 1 1 1 1 1 1 1 1 
1 1 1 1 1 1 1 1 1 1 1 1 1 1 1 
1 1 1 1 1 1 1 1 1 1 1 1 1 1 1 
1 1 1 1 1 1 1 1 1 1 1 1 1 1 1 
1 1 1 1 1 1 1 1 1 1 1 1 1 1 1 
1 1 1 1 1 1 1 1 1 1 1 1 1 1 1 
1 1 1 1 1 1 1 1 1 1 1 1 1 1 1 
plexiglasswalls
4.55 5.95	2.45 5.95
5.95 8.05	8.05 8.05
1.75 6.65	1.75 8.75
4.55 3.15	2.45 3.15
7.35 3.85	7.35 1.75
5.25 8.75	3.15 8.75
8.75 5.25	8.75 7.35
6.65 6.65	4.55 6.65
8.75 2.45	8.75 4.55
1.05 4.55	1.05 2.45
7.35 9.45	9.45 9.45
8.75 1.05	6.65 1.05
5.95 4.55	3.85 4.55
5.25 1.75	3.15 1.75
1.05 9.45	3.15 9.45
endplex
boundarywalls
endbound
