R
0.7
0.7
HV
15
15
1 1 1 1 1 1 1 1 1 1 1 1 1 1 1 
1 1 1 1 1 1 1 1 1 1 1 1 1 1 1 
1 1 1 1 1 1 1 1 1 1 1 1 1 1 1 
1 1 1 1 1 1 1 1 1 1 1 1 1 1 1 
1 1 1 1 1 1 1 1 1 1 1 1 1 1 1 
1 1 1 1 1 1 1 1 1 1 1 1 1 1 1 
1 1 1 1 1 1 1 1 1 1 1 1 1 1 1 
1 1 1 1 1 1 1 1 1 1 1 1 1 1 1 
1 1 1 1 1 1 1 1 1 1 1 1 1 1 1 
1 1 1 1 1 1 1 1 1 1 1 1 1 1 1 
1 1 1 1 1 1 1 1 1 1 1 1 1 1 1 
1 1 1 1 1 1 1 1 1 1 1 1 1 1 1 
1 1 1 1 1 1 1 1 1 1 1 1 1 1 1 
1 1 1 1 1 1 1 1 1 1 1 1 1 1 1 
1 1 1 1 1 1 1 1 1 1 1 1 1 1 1 
plexiglasswalls
1.75 8.05	2.45 8.05
8.75 1.75	8.75 2.45
6.65 5.25	6.65 4.55
4.55 7.35	3.85 7.35
3.85 5.95	3.85 5.25
9.45 4.55	9.45 3.85
6.65 8.75	5.95 8.75
5.25 1.05	4.55 1.05
4.55 6.65	4.55 5.95
6.65 1.05	5.95 1.05
6.65 3.85	7.35 3.85
7.35 8.05	7.35 7.35
1.05 5.25	0.35 5.25
1.05 8.05	1.05 7.35
3.15 6.65	2.45 6.65
endplex
boundarywalls
endbound
