R
0.7
0.7
HV
15
15
1 1 1 1 1 1 1 1 1 1 1 1 1 1 1 
1 1 1 1 1 1 1 1 1 1 1 1 1 1 1 
1 1 1 1 1 1 1 1 1 1 1 1 1 1 1 
1 1 1 1 1 1 1 1 1 1 1 1 1 1 1 
1 1 1 1 1 1 1 1 1 1 1 1 1 1 1 
1 1 1 1 1 1 1 1 1 1 1 1 1 1 1 
1 1 1 1 1 1 1 1 1 1 1 1 1 1 1 
1 1 1 1 1 1 1 1 1 1 1 1 1 1 1 
1 1 1 1 1 1 1 1 1 1 1 1 1 1 1 
1 1 1 1 1 1 1 1 1 1 1 1 1 1 1 
1 1 1 1 1 1 1 1 1 1 1 1 1 1 1 
1 1 1 1 1 1 1 1 1 1 1 1 1 1 1 
1 1 1 1 1 1 1 1 1 1 1 1 1 1 1 
1 1 1 1 1 1 1 1 1 1 1 1 1 1 1 
1 1 1 1 1 1 1 1 1 1 1 1 1 1 1 
plexiglasswalls
8.75 1.05	8.75 0.35
3.85 4.55	3.85 5.25
6.65 5.25	6.65 4.55
7.35 9.45	7.35 8.75
1.75 4.55	2.45 4.55
2.45 2.45	2.45 1.75
3.85 1.05	4.55 1.05
3.85 1.75	3.15 1.75
1.05 9.45	1.05 10.15
1.05 1.05	0.35 1.05
8.05 6.65	8.75 6.65
6.65 8.75	6.65 8.05
5.25 3.85	5.25 4.55
8.05 1.75	8.05 2.45
8.75 8.05	8.75 8.75
endplex
boundarywalls
endbound
