R
0.7
2.0999999999999996
HV
15
15
1 1 1 1 1 1 1 1 1 1 1 1 1 1 1 
1 1 1 1 1 1 1 1 1 1 1 1 1 1 1 
1 1 1 1 1 1 1 1 1 1 1 1 1 1 1 
1 1 1 1 1 1 1 1 1 1 1 1 1 1 1 
1 1 1 1 1 1 1 1 1 1 1 1 1 1 1 
1 1 1 1 1 1 1 1 1 1 1 1 1 1 1 
1 1 1 1 1 1 1 1 1 1 1 1 1 1 1 
1 1 1 1 1 1 1 1 1 1 1 1 1 1 1 
1 1 1 1 1 1 1 1 1 1 1 1 1 1 1 
1 1 1 1 1 1 1 1 1 1 1 1 1 1 1 
1 1 1 1 1 1 1 1 1 1 1 1 1 1 1 
1 1 1 1 1 1 1 1 1 1 1 1 1 1 1 
1 1 1 1 1 1 1 1 1 1 1 1 1 1 1 
1 1 1 1 1 1 1 1 1 1 1 1 1 1 1 
1 1 1 1 1 1 1 1 1 1 1 1 1 1 1 
plexiglasswalls
3.15 8.75	3.15 6.65
1.05 5.25	1.05 3.15
7.35 3.15	5.25 3.15
9.45 3.15	9.45 5.25
5.25 6.65	7.35 6.65
5.95 3.85	5.95 5.95
3.15 5.95	5.25 5.95
8.75 6.65	8.75 8.75
5.25 9.45	7.35 9.45
5.95 1.05	3.85 1.05
3.15 5.25	3.15 3.15
2.45 2.45	0.35 2.45
3.85 8.05	5.95 8.05
3.15 2.45	5.25 2.45
3.15 4.55	5.25 4.55
endplex
boundarywalls
endbound
