R
0.7
2.0999999999999996
HV
15
15
1 1 1 1 1 1 1 1 1 1 1 1 1 1 1 
1 1 1 1 1 1 1 1 1 1 1 1 1 1 1 
1 1 1 1 1 1 1 1 1 1 1 1 1 1 1 
1 1 1 1 1 1 1 1 1 1 1 1 1 1 1 
1 1 1 1 1 1 1 1 1 1 1 1 1 1 1 
1 1 1 1 1 1 1 1 1 1 1 1 1 1 1 
1 1 1 1 1 1 1 1 1 1 1 1 1 1 1 
1 1 1 1 1 1 1 1 1 1 1 1 1 1 1 
1 1 1 1 1 1 1 1 1 1 1 1 1 1 1 
1 1 1 1 1 1 1 1 1 1 1 1 1 1 1 
1 1 1 1 1 1 1 1 1 1 1 1 1 1 1 
1 1 1 1 1 1 1 1 1 1 1 1 1 1 1 
1 1 1 1 1 1 1 1 1 1 1 1 1 1 1 
1 1 1 1 1 1 1 1 1 1 1 1 1 1 1 
1 1 1 1 1 1 1 1 1 1 1 1 1 1 1 
plexiglasswalls
3.85 7.35	3.85 5.25
2.45 8.05	2.45 10.15
6.65 5.95	6.65 8.05
8.05 1.75	5.95 1.75
8.75 6.65	8.75 4.55
5.25 5.95	5.25 3.85
2.45 5.95	2.45 3.85
4.55 2.45	2.45 2.45
6.65 5.25	6.65 3.15
1.05 2.45	1.05 0.35
8.05 7.35	10.15 7.35
6.65 9.45	8.75 9.45
9.45 1.75	9.45 3.85
5.25 1.05	3.15 1.05
5.25 8.05	5.25 10.15
endplex
boundarywalls
endbound
