R
0.7
0.7
HV
15
15
1 1 1 1 1 1 1 1 1 1 1 1 1 1 1 
1 1 1 1 1 1 1 1 1 1 1 1 1 1 1 
1 1 1 1 1 1 1 1 1 1 1 1 1 1 1 
1 1 1 1 1 1 1 1 1 1 1 1 1 1 1 
1 1 1 1 1 1 1 1 1 1 1 1 1 1 1 
1 1 1 1 1 1 1 1 1 1 1 1 1 1 1 
1 1 1 1 1 1 1 1 1 1 1 1 1 1 1 
1 1 1 1 1 1 1 1 1 1 1 1 1 1 1 
1 1 1 1 1 1 1 1 1 1 1 1 1 1 1 
1 1 1 1 1 1 1 1 1 1 1 1 1 1 1 
1 1 1 1 1 1 1 1 1 1 1 1 1 1 1 
1 1 1 1 1 1 1 1 1 1 1 1 1 1 1 
1 1 1 1 1 1 1 1 1 1 1 1 1 1 1 
1 1 1 1 1 1 1 1 1 1 1 1 1 1 1 
1 1 1 1 1 1 1 1 1 1 1 1 1 1 1 
plexiglasswalls
1.05 8.75	1.05 8.05
1.05 4.55	1.05 5.25
4.55 3.15	4.55 3.85
8.05 2.45	7.35 2.45
3.15 5.25	3.15 4.55
5.95 6.65	5.95 5.95
3.15 7.35	3.15 8.05
5.25 1.75	4.55 1.75
8.75 8.05	9.45 8.05
4.55 7.35	4.55 8.05
5.95 7.35	5.25 7.35
9.45 2.45	8.75 2.45
5.25 3.85	5.95 3.85
9.45 5.25	9.45 5.95
8.05 3.85	8.05 4.55
endplex
boundarywalls
endbound
