R
0.7
1.4
HV
15
15
1 1 1 1 1 1 1 1 1 1 1 1 1 1 1 
1 1 1 1 1 1 1 1 1 1 1 1 1 1 1 
1 1 1 1 1 1 1 1 1 1 1 1 1 1 1 
1 1 1 1 1 1 1 1 1 1 1 1 1 1 1 
1 1 1 1 1 1 1 1 1 1 1 1 1 1 1 
1 1 1 1 1 1 1 1 1 1 1 1 1 1 1 
1 1 1 1 1 1 1 1 1 1 1 1 1 1 1 
1 1 1 1 1 1 1 1 1 1 1 1 1 1 1 
1 1 1 1 1 1 1 1 1 1 1 1 1 1 1 
1 1 1 1 1 1 1 1 1 1 1 1 1 1 1 
1 1 1 1 1 1 1 1 1 1 1 1 1 1 1 
1 1 1 1 1 1 1 1 1 1 1 1 1 1 1 
1 1 1 1 1 1 1 1 1 1 1 1 1 1 1 
1 1 1 1 1 1 1 1 1 1 1 1 1 1 1 
1 1 1 1 1 1 1 1 1 1 1 1 1 1 1 
plexiglasswalls
5.25 5.25	5.25 6.65
7.35 8.05	5.95 8.05
5.95 8.75	4.55 8.75
8.05 8.05	9.45 8.05
9.45 3.85	9.45 2.45
3.85 6.65	3.85 5.25
9.45 1.75	8.05 1.75
8.05 9.45	6.65 9.45
5.25 3.15	6.65 3.15
7.35 6.65	5.95 6.65
8.05 7.35	8.05 5.95
2.45 3.15	3.85 3.15
1.75 5.25	3.15 5.25
6.65 8.75	6.65 10.15
5.95 4.55	7.35 4.55
endplex
boundarywalls
endbound
