R
0.7
1.4
HV
15
15
1 1 1 1 1 1 1 1 1 1 1 1 1 1 1 
1 1 1 1 1 1 1 1 1 1 1 1 1 1 1 
1 1 1 1 1 1 1 1 1 1 1 1 1 1 1 
1 1 1 1 1 1 1 1 1 1 1 1 1 1 1 
1 1 1 1 1 1 1 1 1 1 1 1 1 1 1 
1 1 1 1 1 1 1 1 1 1 1 1 1 1 1 
1 1 1 1 1 1 1 1 1 1 1 1 1 1 1 
1 1 1 1 1 1 1 1 1 1 1 1 1 1 1 
1 1 1 1 1 1 1 1 1 1 1 1 1 1 1 
1 1 1 1 1 1 1 1 1 1 1 1 1 1 1 
1 1 1 1 1 1 1 1 1 1 1 1 1 1 1 
1 1 1 1 1 1 1 1 1 1 1 1 1 1 1 
1 1 1 1 1 1 1 1 1 1 1 1 1 1 1 
1 1 1 1 1 1 1 1 1 1 1 1 1 1 1 
1 1 1 1 1 1 1 1 1 1 1 1 1 1 1 
plexiglasswalls
3.15 9.45	4.55 9.45
5.95 1.05	4.55 1.05
4.55 2.45	5.95 2.45
6.65 2.45	6.65 3.85
5.95 4.55	4.55 4.55
2.45 5.95	1.05 5.95
9.45 5.25	8.05 5.25
8.75 1.05	7.35 1.05
7.35 9.45	8.75 9.45
6.65 9.45	5.25 9.45
7.35 5.25	7.35 6.65
9.45 8.05	8.05 8.05
8.75 7.35	8.75 5.95
3.15 8.05	4.55 8.05
3.85 2.45	2.45 2.45
endplex
boundarywalls
endbound
