R
0.7
1.4
HV
15
15
1 1 1 1 1 1 1 1 1 1 1 1 1 1 1 
1 1 1 1 1 1 1 1 1 1 1 1 1 1 1 
1 1 1 1 1 1 1 1 1 1 1 1 1 1 1 
1 1 1 1 1 1 1 1 1 1 1 1 1 1 1 
1 1 1 1 1 1 1 1 1 1 1 1 1 1 1 
1 1 1 1 1 1 1 1 1 1 1 1 1 1 1 
1 1 1 1 1 1 1 1 1 1 1 1 1 1 1 
1 1 1 1 1 1 1 1 1 1 1 1 1 1 1 
1 1 1 1 1 1 1 1 1 1 1 1 1 1 1 
1 1 1 1 1 1 1 1 1 1 1 1 1 1 1 
1 1 1 1 1 1 1 1 1 1 1 1 1 1 1 
1 1 1 1 1 1 1 1 1 1 1 1 1 1 1 
1 1 1 1 1 1 1 1 1 1 1 1 1 1 1 
1 1 1 1 1 1 1 1 1 1 1 1 1 1 1 
1 1 1 1 1 1 1 1 1 1 1 1 1 1 1 
plexiglasswalls
5.95 7.35	5.95 8.75
5.25 2.45	5.25 3.85
3.15 1.75	1.75 1.75
3.85 5.25	3.85 3.85
1.75 2.45	1.75 3.85
2.45 5.25	1.05 5.25
8.05 3.85	8.05 5.25
3.85 6.65	3.85 8.05
4.55 6.65	4.55 5.25
8.05 7.35	9.45 7.35
9.45 5.25	9.45 6.65
1.05 8.75	1.05 7.35
8.75 1.75	10.15 1.75
8.05 3.15	8.05 1.75
5.95 9.45	7.35 9.45
endplex
boundarywalls
endbound
