R
0.7
2.8
HV
15
15
1 1 1 1 1 1 1 1 1 1 1 1 1 1 1 
1 1 1 1 1 1 1 1 1 1 1 1 1 1 1 
1 1 1 1 1 1 1 1 1 1 1 1 1 1 1 
1 1 1 1 1 1 1 1 1 1 1 1 1 1 1 
1 1 1 1 1 1 1 1 1 1 1 1 1 1 1 
1 1 1 1 1 1 1 1 1 1 1 1 1 1 1 
1 1 1 1 1 1 1 1 1 1 1 1 1 1 1 
1 1 1 1 1 1 1 1 1 1 1 1 1 1 1 
1 1 1 1 1 1 1 1 1 1 1 1 1 1 1 
1 1 1 1 1 1 1 1 1 1 1 1 1 1 1 
1 1 1 1 1 1 1 1 1 1 1 1 1 1 1 
1 1 1 1 1 1 1 1 1 1 1 1 1 1 1 
1 1 1 1 1 1 1 1 1 1 1 1 1 1 1 
1 1 1 1 1 1 1 1 1 1 1 1 1 1 1 
1 1 1 1 1 1 1 1 1 1 1 1 1 1 1 
plexiglasswalls
4.55 1.75	4.55 4.55
5.95 5.95	8.75 5.95
4.55 9.45	4.55 6.65
1.75 5.95	1.75 8.75
8.05 9.45	5.25 9.45
9.45 7.35	6.65 7.35
7.35 1.75	10.15 1.75
7.35 2.45	7.35 5.25
1.05 5.25	3.85 5.25
3.15 8.05	3.15 5.25
3.15 4.55	3.15 1.75
1.75 3.15	1.75 0.35
7.35 1.05	4.55 1.05
9.45 3.15	9.45 5.95
5.95 7.35	5.95 4.55
endplex
boundarywalls
endbound
