R
0.7
2.8
HV
15
15
1 1 1 1 1 1 1 1 1 1 1 1 1 1 1 
1 1 1 1 1 1 1 1 1 1 1 1 1 1 1 
1 1 1 1 1 1 1 1 1 1 1 1 1 1 1 
1 1 1 1 1 1 1 1 1 1 1 1 1 1 1 
1 1 1 1 1 1 1 1 1 1 1 1 1 1 1 
1 1 1 1 1 1 1 1 1 1 1 1 1 1 1 
1 1 1 1 1 1 1 1 1 1 1 1 1 1 1 
1 1 1 1 1 1 1 1 1 1 1 1 1 1 1 
1 1 1 1 1 1 1 1 1 1 1 1 1 1 1 
1 1 1 1 1 1 1 1 1 1 1 1 1 1 1 
1 1 1 1 1 1 1 1 1 1 1 1 1 1 1 
1 1 1 1 1 1 1 1 1 1 1 1 1 1 1 
1 1 1 1 1 1 1 1 1 1 1 1 1 1 1 
1 1 1 1 1 1 1 1 1 1 1 1 1 1 1 
1 1 1 1 1 1 1 1 1 1 1 1 1 1 1 
plexiglasswalls
5.95 8.75	5.95 5.95
3.85 5.95	3.85 8.75
3.15 8.05	0.35 8.05
8.05 8.75	8.05 5.95
6.65 2.45	3.85 2.45
5.95 5.25	3.15 5.25
9.45 5.95	9.45 3.15
1.75 9.45	4.55 9.45
7.35 5.25	7.35 2.45
1.75 5.25	1.75 8.05
5.95 9.45	8.75 9.45
3.15 1.05	0.35 1.05
1.75 3.85	4.55 3.85
1.75 4.55	1.75 1.75
6.65 1.05	3.85 1.05
endplex
boundarywalls
endbound
