R
0.7
1.4
HV
15
15
1 1 1 1 1 1 1 1 1 1 1 1 1 1 1 
1 1 1 1 1 1 1 1 1 1 1 1 1 1 1 
1 1 1 1 1 1 1 1 1 1 1 1 1 1 1 
1 1 1 1 1 1 1 1 1 1 1 1 1 1 1 
1 1 1 1 1 1 1 1 1 1 1 1 1 1 1 
1 1 1 1 1 1 1 1 1 1 1 1 1 1 1 
1 1 1 1 1 1 1 1 1 1 1 1 1 1 1 
1 1 1 1 1 1 1 1 1 1 1 1 1 1 1 
1 1 1 1 1 1 1 1 1 1 1 1 1 1 1 
1 1 1 1 1 1 1 1 1 1 1 1 1 1 1 
1 1 1 1 1 1 1 1 1 1 1 1 1 1 1 
1 1 1 1 1 1 1 1 1 1 1 1 1 1 1 
1 1 1 1 1 1 1 1 1 1 1 1 1 1 1 
1 1 1 1 1 1 1 1 1 1 1 1 1 1 1 
1 1 1 1 1 1 1 1 1 1 1 1 1 1 1 
plexiglasswalls
1.05 2.45	2.45 2.45
3.15 3.85	4.55 3.85
6.65 9.45	5.25 9.45
9.45 8.75	9.45 7.35
7.35 7.35	7.35 8.75
4.55 6.65	5.95 6.65
9.45 3.15	9.45 4.55
2.45 5.25	3.85 5.25
6.65 2.45	8.05 2.45
4.55 5.25	5.95 5.25
2.45 9.45	1.05 9.45
9.45 2.45	9.45 1.05
8.75 5.25	10.15 5.25
6.65 3.15	6.65 4.55
8.05 6.65	8.05 5.25
endplex
boundarywalls
endbound
