R
0.7
2.0999999999999996
HV
15
15
1 1 1 1 1 1 1 1 1 1 1 1 1 1 1 
1 1 1 1 1 1 1 1 1 1 1 1 1 1 1 
1 1 1 1 1 1 1 1 1 1 1 1 1 1 1 
1 1 1 1 1 1 1 1 1 1 1 1 1 1 1 
1 1 1 1 1 1 1 1 1 1 1 1 1 1 1 
1 1 1 1 1 1 1 1 1 1 1 1 1 1 1 
1 1 1 1 1 1 1 1 1 1 1 1 1 1 1 
1 1 1 1 1 1 1 1 1 1 1 1 1 1 1 
1 1 1 1 1 1 1 1 1 1 1 1 1 1 1 
1 1 1 1 1 1 1 1 1 1 1 1 1 1 1 
1 1 1 1 1 1 1 1 1 1 1 1 1 1 1 
1 1 1 1 1 1 1 1 1 1 1 1 1 1 1 
1 1 1 1 1 1 1 1 1 1 1 1 1 1 1 
1 1 1 1 1 1 1 1 1 1 1 1 1 1 1 
1 1 1 1 1 1 1 1 1 1 1 1 1 1 1 
plexiglasswalls
1.75 4.55	3.85 4.55
5.95 5.25	3.85 5.25
8.75 6.65	8.75 8.75
6.65 6.65	6.65 8.75
3.85 3.15	3.85 1.05
8.05 2.45	10.15 2.45
8.05 9.45	5.95 9.45
6.65 1.05	4.55 1.05
2.45 8.75	0.35 8.75
5.25 3.85	7.35 3.85
2.45 3.85	2.45 1.75
4.55 7.35	4.55 9.45
1.05 6.65	1.05 4.55
1.05 3.15	1.05 1.05
9.45 5.95	7.35 5.95
endplex
boundarywalls
endbound
