R
0.7
2.0999999999999996
HV
15
15
1 1 1 1 1 1 1 1 1 1 1 1 1 1 1 
1 1 1 1 1 1 1 1 1 1 1 1 1 1 1 
1 1 1 1 1 1 1 1 1 1 1 1 1 1 1 
1 1 1 1 1 1 1 1 1 1 1 1 1 1 1 
1 1 1 1 1 1 1 1 1 1 1 1 1 1 1 
1 1 1 1 1 1 1 1 1 1 1 1 1 1 1 
1 1 1 1 1 1 1 1 1 1 1 1 1 1 1 
1 1 1 1 1 1 1 1 1 1 1 1 1 1 1 
1 1 1 1 1 1 1 1 1 1 1 1 1 1 1 
1 1 1 1 1 1 1 1 1 1 1 1 1 1 1 
1 1 1 1 1 1 1 1 1 1 1 1 1 1 1 
1 1 1 1 1 1 1 1 1 1 1 1 1 1 1 
1 1 1 1 1 1 1 1 1 1 1 1 1 1 1 
1 1 1 1 1 1 1 1 1 1 1 1 1 1 1 
1 1 1 1 1 1 1 1 1 1 1 1 1 1 1 
plexiglasswalls
2.45 1.05	4.55 1.05
6.65 8.05	6.65 5.95
7.35 8.05	7.35 10.15
9.45 7.35	9.45 5.25
3.85 9.45	5.95 9.45
4.55 1.75	4.55 3.85
8.75 1.75	8.75 3.85
1.05 9.45	1.05 7.35
5.95 6.65	3.85 6.65
8.05 5.95	5.95 5.95
5.95 1.75	5.95 3.85
8.05 5.25	10.15 5.25
1.75 2.45	3.85 2.45
2.45 8.75	2.45 6.65
3.15 5.95	1.05 5.95
endplex
boundarywalls
endbound
