R
0.7
2.8
HV
15
15
1 1 1 1 1 1 1 1 1 1 1 1 1 1 1 
1 1 1 1 1 1 1 1 1 1 1 1 1 1 1 
1 1 1 1 1 1 1 1 1 1 1 1 1 1 1 
1 1 1 1 1 1 1 1 1 1 1 1 1 1 1 
1 1 1 1 1 1 1 1 1 1 1 1 1 1 1 
1 1 1 1 1 1 1 1 1 1 1 1 1 1 1 
1 1 1 1 1 1 1 1 1 1 1 1 1 1 1 
1 1 1 1 1 1 1 1 1 1 1 1 1 1 1 
1 1 1 1 1 1 1 1 1 1 1 1 1 1 1 
1 1 1 1 1 1 1 1 1 1 1 1 1 1 1 
1 1 1 1 1 1 1 1 1 1 1 1 1 1 1 
1 1 1 1 1 1 1 1 1 1 1 1 1 1 1 
1 1 1 1 1 1 1 1 1 1 1 1 1 1 1 
1 1 1 1 1 1 1 1 1 1 1 1 1 1 1 
1 1 1 1 1 1 1 1 1 1 1 1 1 1 1 
plexiglasswalls
4.55 1.05	4.55 3.85
7.35 7.35	10.15 7.35
3.15 4.55	0.35 4.55
3.85 5.25	3.85 8.05
8.75 2.45	5.95 2.45
5.95 8.75	8.75 8.75
8.75 3.85	5.95 3.85
1.75 3.15	1.75 0.35
8.05 5.95	5.25 5.95
2.45 8.75	2.45 5.95
5.25 4.55	5.25 7.35
5.95 4.55	5.95 1.75
1.05 8.75	1.05 5.95
9.45 1.05	6.65 1.05
5.95 9.45	3.15 9.45
endplex
boundarywalls
endbound
