R
0.7
2.0999999999999996
HV
15
15
1 1 1 1 1 1 1 1 1 1 1 1 1 1 1 
1 1 1 1 1 1 1 1 1 1 1 1 1 1 1 
1 1 1 1 1 1 1 1 1 1 1 1 1 1 1 
1 1 1 1 1 1 1 1 1 1 1 1 1 1 1 
1 1 1 1 1 1 1 1 1 1 1 1 1 1 1 
1 1 1 1 1 1 1 1 1 1 1 1 1 1 1 
1 1 1 1 1 1 1 1 1 1 1 1 1 1 1 
1 1 1 1 1 1 1 1 1 1 1 1 1 1 1 
1 1 1 1 1 1 1 1 1 1 1 1 1 1 1 
1 1 1 1 1 1 1 1 1 1 1 1 1 1 1 
1 1 1 1 1 1 1 1 1 1 1 1 1 1 1 
1 1 1 1 1 1 1 1 1 1 1 1 1 1 1 
1 1 1 1 1 1 1 1 1 1 1 1 1 1 1 
1 1 1 1 1 1 1 1 1 1 1 1 1 1 1 
1 1 1 1 1 1 1 1 1 1 1 1 1 1 1 
plexiglasswalls
9.45 1.05	7.35 1.05
4.55 8.75	4.55 6.65
2.45 7.35	2.45 5.25
1.75 3.15	1.75 5.25
8.75 4.55	8.75 6.65
7.35 7.35	7.35 5.25
4.55 4.55	4.55 2.45
6.65 4.55	6.65 2.45
8.05 2.45	8.05 4.55
3.15 9.45	1.05 9.45
3.85 2.45	1.75 2.45
4.55 1.75	6.65 1.75
7.35 8.05	9.45 8.05
7.35 9.45	5.25 9.45
5.95 5.95	3.85 5.95
endplex
boundarywalls
endbound
