R
0.7
2.8
HV
15
15
1 1 1 1 1 1 1 1 1 1 1 1 1 1 1 
1 1 1 1 1 1 1 1 1 1 1 1 1 1 1 
1 1 1 1 1 1 1 1 1 1 1 1 1 1 1 
1 1 1 1 1 1 1 1 1 1 1 1 1 1 1 
1 1 1 1 1 1 1 1 1 1 1 1 1 1 1 
1 1 1 1 1 1 1 1 1 1 1 1 1 1 1 
1 1 1 1 1 1 1 1 1 1 1 1 1 1 1 
1 1 1 1 1 1 1 1 1 1 1 1 1 1 1 
1 1 1 1 1 1 1 1 1 1 1 1 1 1 1 
1 1 1 1 1 1 1 1 1 1 1 1 1 1 1 
1 1 1 1 1 1 1 1 1 1 1 1 1 1 1 
1 1 1 1 1 1 1 1 1 1 1 1 1 1 1 
1 1 1 1 1 1 1 1 1 1 1 1 1 1 1 
1 1 1 1 1 1 1 1 1 1 1 1 1 1 1 
1 1 1 1 1 1 1 1 1 1 1 1 1 1 1 
plexiglasswalls
5.95 5.95	8.75 5.95
3.15 1.75	3.15 4.55
4.55 3.15	7.35 3.15
1.75 5.95	1.75 3.15
8.75 6.65	8.75 9.45
5.25 4.55	8.05 4.55
5.95 1.05	8.75 1.05
7.35 9.45	7.35 6.65
1.05 7.35	1.05 10.15
4.55 8.75	1.75 8.75
4.55 7.35	4.55 4.55
5.95 7.35	5.95 10.15
1.05 3.15	1.05 0.35
3.85 6.65	1.05 6.65
8.05 5.25	8.05 2.45
endplex
boundarywalls
endbound
