R
0.7
2.0999999999999996
HV
15
15
1 1 1 1 1 1 1 1 1 1 1 1 1 1 1 
1 1 1 1 1 1 1 1 1 1 1 1 1 1 1 
1 1 1 1 1 1 1 1 1 1 1 1 1 1 1 
1 1 1 1 1 1 1 1 1 1 1 1 1 1 1 
1 1 1 1 1 1 1 1 1 1 1 1 1 1 1 
1 1 1 1 1 1 1 1 1 1 1 1 1 1 1 
1 1 1 1 1 1 1 1 1 1 1 1 1 1 1 
1 1 1 1 1 1 1 1 1 1 1 1 1 1 1 
1 1 1 1 1 1 1 1 1 1 1 1 1 1 1 
1 1 1 1 1 1 1 1 1 1 1 1 1 1 1 
1 1 1 1 1 1 1 1 1 1 1 1 1 1 1 
1 1 1 1 1 1 1 1 1 1 1 1 1 1 1 
1 1 1 1 1 1 1 1 1 1 1 1 1 1 1 
1 1 1 1 1 1 1 1 1 1 1 1 1 1 1 
1 1 1 1 1 1 1 1 1 1 1 1 1 1 1 
plexiglasswalls
3.15 6.65	5.25 6.65
3.15 8.75	5.25 8.75
8.05 9.45	10.15 9.45
7.35 1.75	9.45 1.75
5.25 9.45	7.35 9.45
2.45 4.55	4.55 4.55
1.05 3.15	3.15 3.15
5.25 4.55	5.25 2.45
1.75 7.35	1.75 5.25
4.55 1.75	2.45 1.75
8.75 6.65	8.75 4.55
6.65 8.75	6.65 6.65
2.45 9.45	2.45 7.35
2.45 5.25	0.35 5.25
9.45 2.45	9.45 4.55
endplex
boundarywalls
endbound
