R
0.7
0.7
HV
15
15
1 1 1 1 1 1 1 1 1 1 1 1 1 1 1 
1 1 1 1 1 1 1 1 1 1 1 1 1 1 1 
1 1 1 1 1 1 1 1 1 1 1 1 1 1 1 
1 1 1 1 1 1 1 1 1 1 1 1 1 1 1 
1 1 1 1 1 1 1 1 1 1 1 1 1 1 1 
1 1 1 1 1 1 1 1 1 1 1 1 1 1 1 
1 1 1 1 1 1 1 1 1 1 1 1 1 1 1 
1 1 1 1 1 1 1 1 1 1 1 1 1 1 1 
1 1 1 1 1 1 1 1 1 1 1 1 1 1 1 
1 1 1 1 1 1 1 1 1 1 1 1 1 1 1 
1 1 1 1 1 1 1 1 1 1 1 1 1 1 1 
1 1 1 1 1 1 1 1 1 1 1 1 1 1 1 
1 1 1 1 1 1 1 1 1 1 1 1 1 1 1 
1 1 1 1 1 1 1 1 1 1 1 1 1 1 1 
1 1 1 1 1 1 1 1 1 1 1 1 1 1 1 
plexiglasswalls
5.25 7.35	5.95 7.35
3.15 1.05	3.15 0.35
1.75 5.25	1.05 5.25
3.85 8.05	3.85 8.75
7.35 2.45	6.65 2.45
8.05 7.35	8.05 8.05
7.35 3.85	7.35 4.55
6.65 5.25	5.95 5.25
5.95 3.85	5.95 3.15
8.75 8.75	9.45 8.75
1.75 8.05	1.75 7.35
7.35 9.45	7.35 10.15
4.55 4.55	3.85 4.55
9.45 8.05	9.45 7.35
5.95 2.45	5.25 2.45
endplex
boundarywalls
endbound
