R
0.7
2.8
HV
15
15
1 1 1 1 1 1 1 1 1 1 1 1 1 1 1 
1 1 1 1 1 1 1 1 1 1 1 1 1 1 1 
1 1 1 1 1 1 1 1 1 1 1 1 1 1 1 
1 1 1 1 1 1 1 1 1 1 1 1 1 1 1 
1 1 1 1 1 1 1 1 1 1 1 1 1 1 1 
1 1 1 1 1 1 1 1 1 1 1 1 1 1 1 
1 1 1 1 1 1 1 1 1 1 1 1 1 1 1 
1 1 1 1 1 1 1 1 1 1 1 1 1 1 1 
1 1 1 1 1 1 1 1 1 1 1 1 1 1 1 
1 1 1 1 1 1 1 1 1 1 1 1 1 1 1 
1 1 1 1 1 1 1 1 1 1 1 1 1 1 1 
1 1 1 1 1 1 1 1 1 1 1 1 1 1 1 
1 1 1 1 1 1 1 1 1 1 1 1 1 1 1 
1 1 1 1 1 1 1 1 1 1 1 1 1 1 1 
1 1 1 1 1 1 1 1 1 1 1 1 1 1 1 
plexiglasswalls
5.95 7.35	5.95 10.15
5.25 2.45	5.25 5.25
3.15 1.75	0.35 1.75
3.85 5.25	3.85 2.45
1.75 2.45	1.75 5.25
8.05 3.85	8.05 6.65
3.85 6.65	3.85 9.45
9.45 5.25	9.45 8.05
1.05 8.75	1.05 5.95
8.05 3.15	8.05 0.35
6.65 4.55	6.65 7.35
7.35 8.05	10.15 8.05
9.45 1.75	9.45 4.55
5.25 1.75	8.05 1.75
1.75 5.95	4.55 5.95
endplex
boundarywalls
endbound
