R
0.7
1.4
HV
15
15
1 1 1 1 1 1 1 1 1 1 1 1 1 1 1 
1 1 1 1 1 1 1 1 1 1 1 1 1 1 1 
1 1 1 1 1 1 1 1 1 1 1 1 1 1 1 
1 1 1 1 1 1 1 1 1 1 1 1 1 1 1 
1 1 1 1 1 1 1 1 1 1 1 1 1 1 1 
1 1 1 1 1 1 1 1 1 1 1 1 1 1 1 
1 1 1 1 1 1 1 1 1 1 1 1 1 1 1 
1 1 1 1 1 1 1 1 1 1 1 1 1 1 1 
1 1 1 1 1 1 1 1 1 1 1 1 1 1 1 
1 1 1 1 1 1 1 1 1 1 1 1 1 1 1 
1 1 1 1 1 1 1 1 1 1 1 1 1 1 1 
1 1 1 1 1 1 1 1 1 1 1 1 1 1 1 
1 1 1 1 1 1 1 1 1 1 1 1 1 1 1 
1 1 1 1 1 1 1 1 1 1 1 1 1 1 1 
1 1 1 1 1 1 1 1 1 1 1 1 1 1 1 
plexiglasswalls
1.75 7.35	0.35 7.35
6.65 6.65	6.65 5.25
4.55 8.75	3.15 8.75
8.75 8.05	8.75 6.65
5.95 1.75	7.35 1.75
8.05 8.75	6.65 8.75
8.75 1.75	8.75 3.15
4.55 5.95	3.15 5.95
3.85 7.35	2.45 7.35
2.45 1.75	2.45 0.35
3.15 3.15	1.75 3.15
4.55 3.85	3.15 3.85
2.45 8.75	1.05 8.75
8.75 3.85	8.75 5.25
3.85 1.75	3.85 3.15
endplex
boundarywalls
endbound
