R
0.7
1.4
HV
15
15
1 1 1 1 1 1 1 1 1 1 1 1 1 1 1 
1 1 1 1 1 1 1 1 1 1 1 1 1 1 1 
1 1 1 1 1 1 1 1 1 1 1 1 1 1 1 
1 1 1 1 1 1 1 1 1 1 1 1 1 1 1 
1 1 1 1 1 1 1 1 1 1 1 1 1 1 1 
1 1 1 1 1 1 1 1 1 1 1 1 1 1 1 
1 1 1 1 1 1 1 1 1 1 1 1 1 1 1 
1 1 1 1 1 1 1 1 1 1 1 1 1 1 1 
1 1 1 1 1 1 1 1 1 1 1 1 1 1 1 
1 1 1 1 1 1 1 1 1 1 1 1 1 1 1 
1 1 1 1 1 1 1 1 1 1 1 1 1 1 1 
1 1 1 1 1 1 1 1 1 1 1 1 1 1 1 
1 1 1 1 1 1 1 1 1 1 1 1 1 1 1 
1 1 1 1 1 1 1 1 1 1 1 1 1 1 1 
1 1 1 1 1 1 1 1 1 1 1 1 1 1 1 
plexiglasswalls
8.05 5.25	6.65 5.25
6.65 5.95	5.25 5.95
7.35 4.55	7.35 3.15
2.45 2.45	2.45 3.85
2.45 4.55	1.05 4.55
5.95 8.75	5.95 10.15
3.15 1.75	3.15 0.35
4.55 3.85	4.55 2.45
1.05 1.05	1.05 2.45
2.45 8.05	2.45 6.65
1.05 6.65	1.05 5.25
8.05 8.75	8.05 7.35
4.55 8.05	5.95 8.05
5.25 6.65	5.25 8.05
7.35 1.75	5.95 1.75
endplex
boundarywalls
endbound
