R
0.7
2.8
HV
15
15
1 1 1 1 1 1 1 1 1 1 1 1 1 1 1 
1 1 1 1 1 1 1 1 1 1 1 1 1 1 1 
1 1 1 1 1 1 1 1 1 1 1 1 1 1 1 
1 1 1 1 1 1 1 1 1 1 1 1 1 1 1 
1 1 1 1 1 1 1 1 1 1 1 1 1 1 1 
1 1 1 1 1 1 1 1 1 1 1 1 1 1 1 
1 1 1 1 1 1 1 1 1 1 1 1 1 1 1 
1 1 1 1 1 1 1 1 1 1 1 1 1 1 1 
1 1 1 1 1 1 1 1 1 1 1 1 1 1 1 
1 1 1 1 1 1 1 1 1 1 1 1 1 1 1 
1 1 1 1 1 1 1 1 1 1 1 1 1 1 1 
1 1 1 1 1 1 1 1 1 1 1 1 1 1 1 
1 1 1 1 1 1 1 1 1 1 1 1 1 1 1 
1 1 1 1 1 1 1 1 1 1 1 1 1 1 1 
1 1 1 1 1 1 1 1 1 1 1 1 1 1 1 
plexiglasswalls
5.25 6.65	2.45 6.65
3.15 8.05	5.95 8.05
5.95 5.25	3.15 5.25
8.75 3.15	8.75 5.95
1.05 5.95	1.05 3.15
2.45 7.35	2.45 10.15
5.95 1.05	8.75 1.05
7.35 7.35	7.35 4.55
9.45 3.15	9.45 0.35
5.95 9.45	8.75 9.45
2.45 1.05	5.25 1.05
5.95 2.45	3.15 2.45
6.65 1.75	6.65 4.55
3.15 3.85	5.95 3.85
1.75 3.15	1.75 0.35
endplex
boundarywalls
endbound
