R
0.7
1.4
HV
15
15
1 1 1 1 1 1 1 1 1 1 1 1 1 1 1 
1 1 1 1 1 1 1 1 1 1 1 1 1 1 1 
1 1 1 1 1 1 1 1 1 1 1 1 1 1 1 
1 1 1 1 1 1 1 1 1 1 1 1 1 1 1 
1 1 1 1 1 1 1 1 1 1 1 1 1 1 1 
1 1 1 1 1 1 1 1 1 1 1 1 1 1 1 
1 1 1 1 1 1 1 1 1 1 1 1 1 1 1 
1 1 1 1 1 1 1 1 1 1 1 1 1 1 1 
1 1 1 1 1 1 1 1 1 1 1 1 1 1 1 
1 1 1 1 1 1 1 1 1 1 1 1 1 1 1 
1 1 1 1 1 1 1 1 1 1 1 1 1 1 1 
1 1 1 1 1 1 1 1 1 1 1 1 1 1 1 
1 1 1 1 1 1 1 1 1 1 1 1 1 1 1 
1 1 1 1 1 1 1 1 1 1 1 1 1 1 1 
1 1 1 1 1 1 1 1 1 1 1 1 1 1 1 
plexiglasswalls
3.15 5.95	3.15 4.55
8.05 8.05	6.65 8.05
3.15 1.75	3.15 3.15
8.05 3.15	8.05 4.55
1.75 3.85	3.15 3.85
9.45 1.05	8.05 1.05
5.25 6.65	5.25 5.25
4.55 1.05	4.55 2.45
1.05 6.65	1.05 5.25
8.75 2.45	7.35 2.45
8.05 9.45	6.65 9.45
9.45 8.05	9.45 6.65
5.25 8.75	5.25 10.15
4.55 5.25	3.15 5.25
2.45 8.05	3.85 8.05
endplex
boundarywalls
endbound
