R
0.7
1.4
HV
15
15
1 1 1 1 1 1 1 1 1 1 1 1 1 1 1 
1 1 1 1 1 1 1 1 1 1 1 1 1 1 1 
1 1 1 1 1 1 1 1 1 1 1 1 1 1 1 
1 1 1 1 1 1 1 1 1 1 1 1 1 1 1 
1 1 1 1 1 1 1 1 1 1 1 1 1 1 1 
1 1 1 1 1 1 1 1 1 1 1 1 1 1 1 
1 1 1 1 1 1 1 1 1 1 1 1 1 1 1 
1 1 1 1 1 1 1 1 1 1 1 1 1 1 1 
1 1 1 1 1 1 1 1 1 1 1 1 1 1 1 
1 1 1 1 1 1 1 1 1 1 1 1 1 1 1 
1 1 1 1 1 1 1 1 1 1 1 1 1 1 1 
1 1 1 1 1 1 1 1 1 1 1 1 1 1 1 
1 1 1 1 1 1 1 1 1 1 1 1 1 1 1 
1 1 1 1 1 1 1 1 1 1 1 1 1 1 1 
1 1 1 1 1 1 1 1 1 1 1 1 1 1 1 
plexiglasswalls
1.75 8.05	0.35 8.05
3.15 5.25	4.55 5.25
6.65 8.75	8.05 8.75
5.95 2.45	4.55 2.45
9.45 4.55	9.45 3.15
6.65 3.15	6.65 4.55
3.15 1.75	3.15 0.35
8.05 1.75	8.05 3.15
5.25 5.25	5.25 3.85
1.75 9.45	3.15 9.45
5.95 8.05	5.95 9.45
8.05 9.45	9.45 9.45
8.75 7.35	8.75 5.95
7.35 7.35	7.35 5.95
1.75 3.85	1.75 5.25
endplex
boundarywalls
endbound
