R
0.7
0.7
HV
15
15
1 1 1 1 1 1 1 1 1 1 1 1 1 1 1 
1 1 1 1 1 1 1 1 1 1 1 1 1 1 1 
1 1 1 1 1 1 1 1 1 1 1 1 1 1 1 
1 1 1 1 1 1 1 1 1 1 1 1 1 1 1 
1 1 1 1 1 1 1 1 1 1 1 1 1 1 1 
1 1 1 1 1 1 1 1 1 1 1 1 1 1 1 
1 1 1 1 1 1 1 1 1 1 1 1 1 1 1 
1 1 1 1 1 1 1 1 1 1 1 1 1 1 1 
1 1 1 1 1 1 1 1 1 1 1 1 1 1 1 
1 1 1 1 1 1 1 1 1 1 1 1 1 1 1 
1 1 1 1 1 1 1 1 1 1 1 1 1 1 1 
1 1 1 1 1 1 1 1 1 1 1 1 1 1 1 
1 1 1 1 1 1 1 1 1 1 1 1 1 1 1 
1 1 1 1 1 1 1 1 1 1 1 1 1 1 1 
1 1 1 1 1 1 1 1 1 1 1 1 1 1 1 
plexiglasswalls
3.15 5.95	3.15 5.25
8.05 8.05	7.35 8.05
3.15 1.75	3.15 2.45
8.05 3.15	8.05 3.85
1.75 3.85	2.45 3.85
3.15 3.85	3.15 3.15
9.45 1.05	8.75 1.05
5.25 6.65	5.25 5.95
4.55 1.05	4.55 1.75
1.05 6.65	1.05 5.95
6.65 3.15	7.35 3.15
9.45 3.15	10.15 3.15
4.55 7.35	4.55 6.65
8.75 2.45	8.05 2.45
8.05 9.45	7.35 9.45
endplex
boundarywalls
endbound
