R
0.7
2.8
HV
15
15
1 1 1 1 1 1 1 1 1 1 1 1 1 1 1 
1 1 1 1 1 1 1 1 1 1 1 1 1 1 1 
1 1 1 1 1 1 1 1 1 1 1 1 1 1 1 
1 1 1 1 1 1 1 1 1 1 1 1 1 1 1 
1 1 1 1 1 1 1 1 1 1 1 1 1 1 1 
1 1 1 1 1 1 1 1 1 1 1 1 1 1 1 
1 1 1 1 1 1 1 1 1 1 1 1 1 1 1 
1 1 1 1 1 1 1 1 1 1 1 1 1 1 1 
1 1 1 1 1 1 1 1 1 1 1 1 1 1 1 
1 1 1 1 1 1 1 1 1 1 1 1 1 1 1 
1 1 1 1 1 1 1 1 1 1 1 1 1 1 1 
1 1 1 1 1 1 1 1 1 1 1 1 1 1 1 
1 1 1 1 1 1 1 1 1 1 1 1 1 1 1 
1 1 1 1 1 1 1 1 1 1 1 1 1 1 1 
1 1 1 1 1 1 1 1 1 1 1 1 1 1 1 
plexiglasswalls
6.65 6.65	6.65 3.85
4.55 8.75	1.75 8.75
8.75 8.05	8.75 5.25
5.95 1.75	8.75 1.75
8.05 8.75	5.25 8.75
4.55 5.95	1.75 5.95
3.85 7.35	1.05 7.35
3.15 3.15	0.35 3.15
4.55 4.55	1.75 4.55
9.45 3.85	9.45 1.05
5.25 4.55	5.25 1.75
5.25 1.05	2.45 1.05
1.75 3.15	1.75 0.35
5.25 6.65	5.25 9.45
1.05 9.45	1.05 6.65
endplex
boundarywalls
endbound
