R
0.7
1.4
HV
15
15
1 1 1 1 1 1 1 1 1 1 1 1 1 1 1 
1 1 1 1 1 1 1 1 1 1 1 1 1 1 1 
1 1 1 1 1 1 1 1 1 1 1 1 1 1 1 
1 1 1 1 1 1 1 1 1 1 1 1 1 1 1 
1 1 1 1 1 1 1 1 1 1 1 1 1 1 1 
1 1 1 1 1 1 1 1 1 1 1 1 1 1 1 
1 1 1 1 1 1 1 1 1 1 1 1 1 1 1 
1 1 1 1 1 1 1 1 1 1 1 1 1 1 1 
1 1 1 1 1 1 1 1 1 1 1 1 1 1 1 
1 1 1 1 1 1 1 1 1 1 1 1 1 1 1 
1 1 1 1 1 1 1 1 1 1 1 1 1 1 1 
1 1 1 1 1 1 1 1 1 1 1 1 1 1 1 
1 1 1 1 1 1 1 1 1 1 1 1 1 1 1 
1 1 1 1 1 1 1 1 1 1 1 1 1 1 1 
1 1 1 1 1 1 1 1 1 1 1 1 1 1 1 
plexiglasswalls
8.05 6.65	8.05 5.25
1.05 1.05	2.45 1.05
5.25 5.25	3.85 5.25
5.95 9.45	5.95 8.05
9.45 8.75	8.05 8.75
4.55 8.05	4.55 6.65
7.35 3.15	5.95 3.15
8.05 1.05	9.45 1.05
1.75 9.45	0.35 9.45
5.95 5.25	5.95 3.85
1.05 5.95	1.05 4.55
3.15 3.15	3.15 1.75
2.45 7.35	2.45 5.95
2.45 6.65	3.85 6.65
3.15 8.75	3.15 7.35
endplex
boundarywalls
endbound
