R
0.7
0.7
HV
15
15
1 1 1 1 1 1 1 1 1 1 1 1 1 1 1 
1 1 1 1 1 1 1 1 1 1 1 1 1 1 1 
1 1 1 1 1 1 1 1 1 1 1 1 1 1 1 
1 1 1 1 1 1 1 1 1 1 1 1 1 1 1 
1 1 1 1 1 1 1 1 1 1 1 1 1 1 1 
1 1 1 1 1 1 1 1 1 1 1 1 1 1 1 
1 1 1 1 1 1 1 1 1 1 1 1 1 1 1 
1 1 1 1 1 1 1 1 1 1 1 1 1 1 1 
1 1 1 1 1 1 1 1 1 1 1 1 1 1 1 
1 1 1 1 1 1 1 1 1 1 1 1 1 1 1 
1 1 1 1 1 1 1 1 1 1 1 1 1 1 1 
1 1 1 1 1 1 1 1 1 1 1 1 1 1 1 
1 1 1 1 1 1 1 1 1 1 1 1 1 1 1 
1 1 1 1 1 1 1 1 1 1 1 1 1 1 1 
1 1 1 1 1 1 1 1 1 1 1 1 1 1 1 
plexiglasswalls
1.75 5.95	2.45 5.95
3.15 9.45	3.85 9.45
1.75 1.05	1.75 0.35
3.15 3.85	3.85 3.85
1.75 3.85	1.75 4.55
9.45 4.55	9.45 3.85
8.05 9.45	8.05 8.75
4.55 3.15	4.55 2.45
1.05 2.45	0.35 2.45
3.15 2.45	2.45 2.45
6.65 7.35	6.65 6.65
9.45 5.25	9.45 5.95
8.75 3.15	8.75 2.45
8.05 5.95	8.05 6.65
2.45 7.35	2.45 6.65
endplex
boundarywalls
endbound
