R
0.7
1.4
HV
15
15
1 1 1 1 1 1 1 1 1 1 1 1 1 1 1 
1 1 1 1 1 1 1 1 1 1 1 1 1 1 1 
1 1 1 1 1 1 1 1 1 1 1 1 1 1 1 
1 1 1 1 1 1 1 1 1 1 1 1 1 1 1 
1 1 1 1 1 1 1 1 1 1 1 1 1 1 1 
1 1 1 1 1 1 1 1 1 1 1 1 1 1 1 
1 1 1 1 1 1 1 1 1 1 1 1 1 1 1 
1 1 1 1 1 1 1 1 1 1 1 1 1 1 1 
1 1 1 1 1 1 1 1 1 1 1 1 1 1 1 
1 1 1 1 1 1 1 1 1 1 1 1 1 1 1 
1 1 1 1 1 1 1 1 1 1 1 1 1 1 1 
1 1 1 1 1 1 1 1 1 1 1 1 1 1 1 
1 1 1 1 1 1 1 1 1 1 1 1 1 1 1 
1 1 1 1 1 1 1 1 1 1 1 1 1 1 1 
1 1 1 1 1 1 1 1 1 1 1 1 1 1 1 
plexiglasswalls
3.85 5.95	3.85 7.35
8.75 8.75	10.15 8.75
3.85 1.75	2.45 1.75
8.05 5.95	8.05 7.35
2.45 4.55	2.45 5.95
3.15 7.35	1.75 7.35
2.45 9.45	2.45 8.05
5.95 1.75	5.95 0.35
8.05 5.25	8.05 3.85
5.95 5.95	5.95 7.35
4.55 4.55	4.55 5.95
1.75 3.15	0.35 3.15
6.65 2.45	5.25 2.45
8.05 1.75	8.05 3.15
4.55 1.75	4.55 3.15
endplex
boundarywalls
endbound
