R
0.7
2.0999999999999996
HV
15
15
1 1 1 1 1 1 1 1 1 1 1 1 1 1 1 
1 1 1 1 1 1 1 1 1 1 1 1 1 1 1 
1 1 1 1 1 1 1 1 1 1 1 1 1 1 1 
1 1 1 1 1 1 1 1 1 1 1 1 1 1 1 
1 1 1 1 1 1 1 1 1 1 1 1 1 1 1 
1 1 1 1 1 1 1 1 1 1 1 1 1 1 1 
1 1 1 1 1 1 1 1 1 1 1 1 1 1 1 
1 1 1 1 1 1 1 1 1 1 1 1 1 1 1 
1 1 1 1 1 1 1 1 1 1 1 1 1 1 1 
1 1 1 1 1 1 1 1 1 1 1 1 1 1 1 
1 1 1 1 1 1 1 1 1 1 1 1 1 1 1 
1 1 1 1 1 1 1 1 1 1 1 1 1 1 1 
1 1 1 1 1 1 1 1 1 1 1 1 1 1 1 
1 1 1 1 1 1 1 1 1 1 1 1 1 1 1 
1 1 1 1 1 1 1 1 1 1 1 1 1 1 1 
plexiglasswalls
1.75 1.75	3.85 1.75
2.45 6.65	0.35 6.65
1.75 9.45	1.75 7.35
1.75 4.55	1.75 2.45
3.15 3.15	5.25 3.15
3.85 5.95	3.85 3.85
4.55 7.35	2.45 7.35
8.75 4.55	8.75 2.45
5.25 7.35	5.25 9.45
9.45 1.75	7.35 1.75
7.35 1.05	5.25 1.05
7.35 7.35	7.35 5.25
9.45 4.55	9.45 6.65
8.05 8.75	10.15 8.75
7.35 2.45	7.35 4.55
endplex
boundarywalls
endbound
