R
0.7
0.7
HV
15
15
1 1 1 1 1 1 1 1 1 1 1 1 1 1 1 
1 1 1 1 1 1 1 1 1 1 1 1 1 1 1 
1 1 1 1 1 1 1 1 1 1 1 1 1 1 1 
1 1 1 1 1 1 1 1 1 1 1 1 1 1 1 
1 1 1 1 1 1 1 1 1 1 1 1 1 1 1 
1 1 1 1 1 1 1 1 1 1 1 1 1 1 1 
1 1 1 1 1 1 1 1 1 1 1 1 1 1 1 
1 1 1 1 1 1 1 1 1 1 1 1 1 1 1 
1 1 1 1 1 1 1 1 1 1 1 1 1 1 1 
1 1 1 1 1 1 1 1 1 1 1 1 1 1 1 
1 1 1 1 1 1 1 1 1 1 1 1 1 1 1 
1 1 1 1 1 1 1 1 1 1 1 1 1 1 1 
1 1 1 1 1 1 1 1 1 1 1 1 1 1 1 
1 1 1 1 1 1 1 1 1 1 1 1 1 1 1 
1 1 1 1 1 1 1 1 1 1 1 1 1 1 1 
plexiglasswalls
3.85 8.75	3.85 8.05
5.95 6.65	6.65 6.65
6.65 2.45	6.65 1.75
5.25 2.45	5.25 3.15
8.05 5.25	8.05 5.95
9.45 3.15	8.75 3.15
3.15 5.25	3.85 5.25
2.45 1.05	2.45 0.35
8.75 1.75	9.45 1.75
9.45 4.55	9.45 3.85
5.95 8.75	6.65 8.75
8.05 4.55	7.35 4.55
8.75 5.95	9.45 5.95
2.45 9.45	1.75 9.45
7.35 8.75	7.35 9.45
endplex
boundarywalls
endbound
