R
0.7
2.8
HV
15
15
1 1 1 1 1 1 1 1 1 1 1 1 1 1 1 
1 1 1 1 1 1 1 1 1 1 1 1 1 1 1 
1 1 1 1 1 1 1 1 1 1 1 1 1 1 1 
1 1 1 1 1 1 1 1 1 1 1 1 1 1 1 
1 1 1 1 1 1 1 1 1 1 1 1 1 1 1 
1 1 1 1 1 1 1 1 1 1 1 1 1 1 1 
1 1 1 1 1 1 1 1 1 1 1 1 1 1 1 
1 1 1 1 1 1 1 1 1 1 1 1 1 1 1 
1 1 1 1 1 1 1 1 1 1 1 1 1 1 1 
1 1 1 1 1 1 1 1 1 1 1 1 1 1 1 
1 1 1 1 1 1 1 1 1 1 1 1 1 1 1 
1 1 1 1 1 1 1 1 1 1 1 1 1 1 1 
1 1 1 1 1 1 1 1 1 1 1 1 1 1 1 
1 1 1 1 1 1 1 1 1 1 1 1 1 1 1 
1 1 1 1 1 1 1 1 1 1 1 1 1 1 1 
plexiglasswalls
4.55 3.85	1.75 3.85
3.85 4.55	3.85 7.35
5.95 7.35	5.95 4.55
3.15 9.45	0.35 9.45
9.45 2.45	9.45 5.25
3.15 5.95	0.35 5.95
5.25 4.55	5.25 1.75
7.35 6.65	7.35 3.85
6.65 7.35	9.45 7.35
6.65 1.75	9.45 1.75
6.65 1.05	3.85 1.05
3.85 9.45	6.65 9.45
3.15 8.05	5.95 8.05
3.15 3.85	3.15 1.05
1.05 1.75	1.05 4.55
endplex
boundarywalls
endbound
