R
0.7
1.4
HV
15
15
1 1 1 1 1 1 1 1 1 1 1 1 1 1 1 
1 1 1 1 1 1 1 1 1 1 1 1 1 1 1 
1 1 1 1 1 1 1 1 1 1 1 1 1 1 1 
1 1 1 1 1 1 1 1 1 1 1 1 1 1 1 
1 1 1 1 1 1 1 1 1 1 1 1 1 1 1 
1 1 1 1 1 1 1 1 1 1 1 1 1 1 1 
1 1 1 1 1 1 1 1 1 1 1 1 1 1 1 
1 1 1 1 1 1 1 1 1 1 1 1 1 1 1 
1 1 1 1 1 1 1 1 1 1 1 1 1 1 1 
1 1 1 1 1 1 1 1 1 1 1 1 1 1 1 
1 1 1 1 1 1 1 1 1 1 1 1 1 1 1 
1 1 1 1 1 1 1 1 1 1 1 1 1 1 1 
1 1 1 1 1 1 1 1 1 1 1 1 1 1 1 
1 1 1 1 1 1 1 1 1 1 1 1 1 1 1 
1 1 1 1 1 1 1 1 1 1 1 1 1 1 1 
plexiglasswalls
3.15 8.75	3.15 7.35
1.05 5.25	1.05 3.85
7.35 3.15	5.95 3.15
9.45 3.15	9.45 4.55
5.25 6.65	6.65 6.65
5.95 2.45	4.55 2.45
5.95 3.85	5.95 5.25
8.75 8.75	8.75 10.15
9.45 7.35	9.45 5.95
3.15 5.95	4.55 5.95
1.75 6.65	0.35 6.65
5.25 9.45	6.65 9.45
5.95 1.05	4.55 1.05
3.15 5.25	3.15 3.85
2.45 2.45	1.05 2.45
endplex
boundarywalls
endbound
