R
0.7
2.0999999999999996
HV
15
15
1 1 1 1 1 1 1 1 1 1 1 1 1 1 1 
1 1 1 1 1 1 1 1 1 1 1 1 1 1 1 
1 1 1 1 1 1 1 1 1 1 1 1 1 1 1 
1 1 1 1 1 1 1 1 1 1 1 1 1 1 1 
1 1 1 1 1 1 1 1 1 1 1 1 1 1 1 
1 1 1 1 1 1 1 1 1 1 1 1 1 1 1 
1 1 1 1 1 1 1 1 1 1 1 1 1 1 1 
1 1 1 1 1 1 1 1 1 1 1 1 1 1 1 
1 1 1 1 1 1 1 1 1 1 1 1 1 1 1 
1 1 1 1 1 1 1 1 1 1 1 1 1 1 1 
1 1 1 1 1 1 1 1 1 1 1 1 1 1 1 
1 1 1 1 1 1 1 1 1 1 1 1 1 1 1 
1 1 1 1 1 1 1 1 1 1 1 1 1 1 1 
1 1 1 1 1 1 1 1 1 1 1 1 1 1 1 
1 1 1 1 1 1 1 1 1 1 1 1 1 1 1 
plexiglasswalls
5.95 2.45	3.85 2.45
3.85 8.75	5.95 8.75
1.05 5.95	1.05 3.85
3.85 1.05	1.75 1.05
5.95 8.05	5.95 5.95
6.65 8.05	8.75 8.05
5.95 5.25	3.85 5.25
4.55 3.85	2.45 3.85
8.05 1.05	10.15 1.05
8.75 2.45	6.65 2.45
1.75 7.35	1.75 9.45
2.45 6.65	4.55 6.65
9.45 3.85	9.45 1.75
2.45 2.45	2.45 4.55
5.95 3.85	8.05 3.85
endplex
boundarywalls
endbound
