R
0.7
2.8
HV
15
15
1 1 1 1 1 1 1 1 1 1 1 1 1 1 1 
1 1 1 1 1 1 1 1 1 1 1 1 1 1 1 
1 1 1 1 1 1 1 1 1 1 1 1 1 1 1 
1 1 1 1 1 1 1 1 1 1 1 1 1 1 1 
1 1 1 1 1 1 1 1 1 1 1 1 1 1 1 
1 1 1 1 1 1 1 1 1 1 1 1 1 1 1 
1 1 1 1 1 1 1 1 1 1 1 1 1 1 1 
1 1 1 1 1 1 1 1 1 1 1 1 1 1 1 
1 1 1 1 1 1 1 1 1 1 1 1 1 1 1 
1 1 1 1 1 1 1 1 1 1 1 1 1 1 1 
1 1 1 1 1 1 1 1 1 1 1 1 1 1 1 
1 1 1 1 1 1 1 1 1 1 1 1 1 1 1 
1 1 1 1 1 1 1 1 1 1 1 1 1 1 1 
1 1 1 1 1 1 1 1 1 1 1 1 1 1 1 
1 1 1 1 1 1 1 1 1 1 1 1 1 1 1 
plexiglasswalls
3.15 3.15	3.15 5.95
5.95 5.25	8.75 5.25
3.15 8.75	5.95 8.75
4.55 2.45	7.35 2.45
8.05 1.05	5.25 1.05
3.15 7.35	0.35 7.35
1.05 1.75	3.85 1.75
9.45 8.05	9.45 5.25
5.95 6.65	3.15 6.65
9.45 4.55	9.45 1.75
1.05 6.65	1.05 3.85
8.05 6.65	8.05 9.45
3.15 9.45	0.35 9.45
8.05 3.85	5.25 3.85
6.65 7.35	6.65 10.15
endplex
boundarywalls
endbound
