R
0.7
2.0999999999999996
HV
15
15
1 1 1 1 1 1 1 1 1 1 1 1 1 1 1 
1 1 1 1 1 1 1 1 1 1 1 1 1 1 1 
1 1 1 1 1 1 1 1 1 1 1 1 1 1 1 
1 1 1 1 1 1 1 1 1 1 1 1 1 1 1 
1 1 1 1 1 1 1 1 1 1 1 1 1 1 1 
1 1 1 1 1 1 1 1 1 1 1 1 1 1 1 
1 1 1 1 1 1 1 1 1 1 1 1 1 1 1 
1 1 1 1 1 1 1 1 1 1 1 1 1 1 1 
1 1 1 1 1 1 1 1 1 1 1 1 1 1 1 
1 1 1 1 1 1 1 1 1 1 1 1 1 1 1 
1 1 1 1 1 1 1 1 1 1 1 1 1 1 1 
1 1 1 1 1 1 1 1 1 1 1 1 1 1 1 
1 1 1 1 1 1 1 1 1 1 1 1 1 1 1 
1 1 1 1 1 1 1 1 1 1 1 1 1 1 1 
1 1 1 1 1 1 1 1 1 1 1 1 1 1 1 
plexiglasswalls
8.75 3.15	8.75 5.25
2.45 5.95	2.45 8.05
1.75 9.45	3.85 9.45
8.05 1.75	10.15 1.75
3.85 6.65	3.85 8.75
1.75 1.75	3.85 1.75
8.05 8.05	8.05 10.15
3.85 4.55	3.85 2.45
3.85 3.15	5.95 3.15
1.75 5.25	3.85 5.25
6.65 3.85	6.65 1.75
5.25 7.35	5.25 5.25
4.55 9.45	6.65 9.45
8.75 6.65	6.65 6.65
1.05 8.05	1.05 10.15
endplex
boundarywalls
endbound
