R
0.7
0.7
HV
15
15
1 1 1 1 1 1 1 1 1 1 1 1 1 1 1 
1 1 1 1 1 1 1 1 1 1 1 1 1 1 1 
1 1 1 1 1 1 1 1 1 1 1 1 1 1 1 
1 1 1 1 1 1 1 1 1 1 1 1 1 1 1 
1 1 1 1 1 1 1 1 1 1 1 1 1 1 1 
1 1 1 1 1 1 1 1 1 1 1 1 1 1 1 
1 1 1 1 1 1 1 1 1 1 1 1 1 1 1 
1 1 1 1 1 1 1 1 1 1 1 1 1 1 1 
1 1 1 1 1 1 1 1 1 1 1 1 1 1 1 
1 1 1 1 1 1 1 1 1 1 1 1 1 1 1 
1 1 1 1 1 1 1 1 1 1 1 1 1 1 1 
1 1 1 1 1 1 1 1 1 1 1 1 1 1 1 
1 1 1 1 1 1 1 1 1 1 1 1 1 1 1 
1 1 1 1 1 1 1 1 1 1 1 1 1 1 1 
1 1 1 1 1 1 1 1 1 1 1 1 1 1 1 
plexiglasswalls
2.45 1.05	3.15 1.05
1.75 9.45	1.05 9.45
6.65 8.05	6.65 7.35
8.75 9.45	9.45 9.45
7.35 8.05	7.35 8.75
9.45 7.35	9.45 6.65
3.85 1.05	4.55 1.05
1.75 1.05	1.75 0.35
3.85 9.45	4.55 9.45
4.55 1.75	4.55 2.45
8.75 1.75	8.75 2.45
5.95 6.65	5.25 6.65
1.75 7.35	1.05 7.35
6.65 6.65	6.65 5.95
7.35 6.65	8.05 6.65
endplex
boundarywalls
endbound
