R
0.7
2.8
HV
15
15
1 1 1 1 1 1 1 1 1 1 1 1 1 1 1 
1 1 1 1 1 1 1 1 1 1 1 1 1 1 1 
1 1 1 1 1 1 1 1 1 1 1 1 1 1 1 
1 1 1 1 1 1 1 1 1 1 1 1 1 1 1 
1 1 1 1 1 1 1 1 1 1 1 1 1 1 1 
1 1 1 1 1 1 1 1 1 1 1 1 1 1 1 
1 1 1 1 1 1 1 1 1 1 1 1 1 1 1 
1 1 1 1 1 1 1 1 1 1 1 1 1 1 1 
1 1 1 1 1 1 1 1 1 1 1 1 1 1 1 
1 1 1 1 1 1 1 1 1 1 1 1 1 1 1 
1 1 1 1 1 1 1 1 1 1 1 1 1 1 1 
1 1 1 1 1 1 1 1 1 1 1 1 1 1 1 
1 1 1 1 1 1 1 1 1 1 1 1 1 1 1 
1 1 1 1 1 1 1 1 1 1 1 1 1 1 1 
1 1 1 1 1 1 1 1 1 1 1 1 1 1 1 
plexiglasswalls
5.95 2.45	3.15 2.45
3.85 8.75	6.65 8.75
1.05 5.95	1.05 3.15
3.85 1.05	1.05 1.05
5.95 8.05	5.95 5.25
6.65 8.05	9.45 8.05
4.55 3.85	1.75 3.85
1.75 7.35	1.75 10.15
2.45 6.65	5.25 6.65
7.35 1.05	7.35 3.85
9.45 3.85	9.45 1.05
4.55 5.25	7.35 5.25
9.45 7.35	9.45 4.55
9.45 9.45	6.65 9.45
8.05 4.55	8.05 7.35
endplex
boundarywalls
endbound
