R
0.7
0.7
HV
15
15
1 1 1 1 1 1 1 1 1 1 1 1 1 1 1 
1 1 1 1 1 1 1 1 1 1 1 1 1 1 1 
1 1 1 1 1 1 1 1 1 1 1 1 1 1 1 
1 1 1 1 1 1 1 1 1 1 1 1 1 1 1 
1 1 1 1 1 1 1 1 1 1 1 1 1 1 1 
1 1 1 1 1 1 1 1 1 1 1 1 1 1 1 
1 1 1 1 1 1 1 1 1 1 1 1 1 1 1 
1 1 1 1 1 1 1 1 1 1 1 1 1 1 1 
1 1 1 1 1 1 1 1 1 1 1 1 1 1 1 
1 1 1 1 1 1 1 1 1 1 1 1 1 1 1 
1 1 1 1 1 1 1 1 1 1 1 1 1 1 1 
1 1 1 1 1 1 1 1 1 1 1 1 1 1 1 
1 1 1 1 1 1 1 1 1 1 1 1 1 1 1 
1 1 1 1 1 1 1 1 1 1 1 1 1 1 1 
1 1 1 1 1 1 1 1 1 1 1 1 1 1 1 
plexiglasswalls
8.05 4.55	8.05 5.25
4.55 2.45	3.85 2.45
2.45 6.65	1.75 6.65
7.35 8.05	6.65 8.05
3.85 1.75	3.15 1.75
4.55 5.25	5.25 5.25
5.95 9.45	5.25 9.45
2.45 2.45	2.45 1.75
8.75 5.95	9.45 5.95
6.65 4.55	7.35 4.55
9.45 4.55	9.45 3.85
9.45 2.45	8.75 2.45
6.65 9.45	6.65 8.75
4.55 7.35	5.25 7.35
9.45 6.65	10.15 6.65
endplex
boundarywalls
endbound
