R
0.7
1.4
HV
15
15
1 1 1 1 1 1 1 1 1 1 1 1 1 1 1 
1 1 1 1 1 1 1 1 1 1 1 1 1 1 1 
1 1 1 1 1 1 1 1 1 1 1 1 1 1 1 
1 1 1 1 1 1 1 1 1 1 1 1 1 1 1 
1 1 1 1 1 1 1 1 1 1 1 1 1 1 1 
1 1 1 1 1 1 1 1 1 1 1 1 1 1 1 
1 1 1 1 1 1 1 1 1 1 1 1 1 1 1 
1 1 1 1 1 1 1 1 1 1 1 1 1 1 1 
1 1 1 1 1 1 1 1 1 1 1 1 1 1 1 
1 1 1 1 1 1 1 1 1 1 1 1 1 1 1 
1 1 1 1 1 1 1 1 1 1 1 1 1 1 1 
1 1 1 1 1 1 1 1 1 1 1 1 1 1 1 
1 1 1 1 1 1 1 1 1 1 1 1 1 1 1 
1 1 1 1 1 1 1 1 1 1 1 1 1 1 1 
1 1 1 1 1 1 1 1 1 1 1 1 1 1 1 
plexiglasswalls
6.65 1.75	6.65 3.15
5.25 9.45	3.85 9.45
2.45 2.45	3.85 2.45
1.05 8.05	2.45 8.05
1.75 3.15	1.75 1.75
4.55 2.45	4.55 3.85
4.55 8.05	5.95 8.05
6.65 6.65	5.25 6.65
2.45 3.85	3.85 3.85
8.05 7.35	6.65 7.35
8.05 5.25	6.65 5.25
1.75 8.75	1.75 10.15
5.95 5.25	5.95 3.85
2.45 4.55	1.05 4.55
8.75 8.05	8.75 9.45
endplex
boundarywalls
endbound
