R
0.7
0.7
HV
15
15
1 1 1 1 1 1 1 1 1 1 1 1 1 1 1 
1 1 1 1 1 1 1 1 1 1 1 1 1 1 1 
1 1 1 1 1 1 1 1 1 1 1 1 1 1 1 
1 1 1 1 1 1 1 1 1 1 1 1 1 1 1 
1 1 1 1 1 1 1 1 1 1 1 1 1 1 1 
1 1 1 1 1 1 1 1 1 1 1 1 1 1 1 
1 1 1 1 1 1 1 1 1 1 1 1 1 1 1 
1 1 1 1 1 1 1 1 1 1 1 1 1 1 1 
1 1 1 1 1 1 1 1 1 1 1 1 1 1 1 
1 1 1 1 1 1 1 1 1 1 1 1 1 1 1 
1 1 1 1 1 1 1 1 1 1 1 1 1 1 1 
1 1 1 1 1 1 1 1 1 1 1 1 1 1 1 
1 1 1 1 1 1 1 1 1 1 1 1 1 1 1 
1 1 1 1 1 1 1 1 1 1 1 1 1 1 1 
1 1 1 1 1 1 1 1 1 1 1 1 1 1 1 
plexiglasswalls
2.45 9.45	2.45 8.75
8.05 4.55	8.75 4.55
1.05 8.05	1.05 7.35
8.05 1.05	8.05 0.35
6.65 1.75	6.65 1.05
2.45 3.15	3.15 3.15
5.25 5.25	4.55 5.25
8.75 3.85	8.75 3.15
1.75 5.95	1.75 6.65
2.45 1.75	2.45 2.45
3.15 7.35	3.15 6.65
3.15 3.85	3.85 3.85
7.35 3.15	7.35 3.85
3.15 1.05	3.85 1.05
6.65 8.75	6.65 9.45
endplex
boundarywalls
endbound
