R
0.7
1.4
HV
15
15
1 1 1 1 1 1 1 1 1 1 1 1 1 1 1 
1 1 1 1 1 1 1 1 1 1 1 1 1 1 1 
1 1 1 1 1 1 1 1 1 1 1 1 1 1 1 
1 1 1 1 1 1 1 1 1 1 1 1 1 1 1 
1 1 1 1 1 1 1 1 1 1 1 1 1 1 1 
1 1 1 1 1 1 1 1 1 1 1 1 1 1 1 
1 1 1 1 1 1 1 1 1 1 1 1 1 1 1 
1 1 1 1 1 1 1 1 1 1 1 1 1 1 1 
1 1 1 1 1 1 1 1 1 1 1 1 1 1 1 
1 1 1 1 1 1 1 1 1 1 1 1 1 1 1 
1 1 1 1 1 1 1 1 1 1 1 1 1 1 1 
1 1 1 1 1 1 1 1 1 1 1 1 1 1 1 
1 1 1 1 1 1 1 1 1 1 1 1 1 1 1 
1 1 1 1 1 1 1 1 1 1 1 1 1 1 1 
1 1 1 1 1 1 1 1 1 1 1 1 1 1 1 
plexiglasswalls
5.25 7.35	6.65 7.35
5.25 4.55	3.85 4.55
3.85 2.45	3.85 1.05
1.75 4.55	0.35 4.55
6.65 2.45	5.25 2.45
8.05 6.65	9.45 6.65
1.75 8.05	3.15 8.05
4.55 8.75	4.55 7.35
8.05 3.15	6.65 3.15
5.95 5.25	5.95 6.65
2.45 5.95	3.85 5.95
8.75 9.45	10.15 9.45
1.75 7.35	0.35 7.35
6.65 5.25	8.05 5.25
1.05 9.45	2.45 9.45
endplex
boundarywalls
endbound
