R
0.7
0.7
HV
15
15
1 1 1 1 1 1 1 1 1 1 1 1 1 1 1 
1 1 1 1 1 1 1 1 1 1 1 1 1 1 1 
1 1 1 1 1 1 1 1 1 1 1 1 1 1 1 
1 1 1 1 1 1 1 1 1 1 1 1 1 1 1 
1 1 1 1 1 1 1 1 1 1 1 1 1 1 1 
1 1 1 1 1 1 1 1 1 1 1 1 1 1 1 
1 1 1 1 1 1 1 1 1 1 1 1 1 1 1 
1 1 1 1 1 1 1 1 1 1 1 1 1 1 1 
1 1 1 1 1 1 1 1 1 1 1 1 1 1 1 
1 1 1 1 1 1 1 1 1 1 1 1 1 1 1 
1 1 1 1 1 1 1 1 1 1 1 1 1 1 1 
1 1 1 1 1 1 1 1 1 1 1 1 1 1 1 
1 1 1 1 1 1 1 1 1 1 1 1 1 1 1 
1 1 1 1 1 1 1 1 1 1 1 1 1 1 1 
1 1 1 1 1 1 1 1 1 1 1 1 1 1 1 
plexiglasswalls
6.65 3.15	7.35 3.15
9.45 8.05	9.45 7.35
8.75 1.05	8.75 0.35
3.15 5.95	3.15 6.65
1.75 1.75	1.75 1.05
8.75 3.85	9.45 3.85
3.15 1.05	2.45 1.05
8.75 9.45	8.75 10.15
3.15 4.55	2.45 4.55
5.25 4.55	5.25 3.85
7.35 1.75	6.65 1.75
7.35 2.45	8.05 2.45
8.05 6.65	8.05 7.35
5.25 9.45	5.25 8.75
8.75 5.95	8.75 5.25
endplex
boundarywalls
endbound
