R
0.7
0.7
HV
15
15
1 1 1 1 1 1 1 1 1 1 1 1 1 1 1 
1 1 1 1 1 1 1 1 1 1 1 1 1 1 1 
1 1 1 1 1 1 1 1 1 1 1 1 1 1 1 
1 1 1 1 1 1 1 1 1 1 1 1 1 1 1 
1 1 1 1 1 1 1 1 1 1 1 1 1 1 1 
1 1 1 1 1 1 1 1 1 1 1 1 1 1 1 
1 1 1 1 1 1 1 1 1 1 1 1 1 1 1 
1 1 1 1 1 1 1 1 1 1 1 1 1 1 1 
1 1 1 1 1 1 1 1 1 1 1 1 1 1 1 
1 1 1 1 1 1 1 1 1 1 1 1 1 1 1 
1 1 1 1 1 1 1 1 1 1 1 1 1 1 1 
1 1 1 1 1 1 1 1 1 1 1 1 1 1 1 
1 1 1 1 1 1 1 1 1 1 1 1 1 1 1 
1 1 1 1 1 1 1 1 1 1 1 1 1 1 1 
1 1 1 1 1 1 1 1 1 1 1 1 1 1 1 
plexiglasswalls
2.45 2.45	2.45 1.75
8.05 2.45	8.05 3.15
2.45 7.35	2.45 8.05
1.05 5.95	1.75 5.95
5.95 6.65	5.95 5.95
8.05 3.85	8.75 3.85
3.85 2.45	4.55 2.45
8.05 5.95	8.05 6.65
1.05 8.05	0.35 8.05
6.65 7.35	5.95 7.35
8.05 1.75	7.35 1.75
2.45 9.45	2.45 8.75
9.45 5.95	9.45 6.65
3.85 1.05	4.55 1.05
5.25 5.25	4.55 5.25
endplex
boundarywalls
endbound
